    2  330
    1  329
    4  328
    3  327
    6  326
    5  325
    8  324
    7  323
   10  322
    9  321
   12  320
   11  319
   14  318
   13  317
   16  316
   15  315
   18  314
   17  313
   20  312
   19  311
   22  310
   21  309
   24  308
   23  307
   26  306
   25  305
   28  304
   27  303
   30  302
   29  301
   32  300
   31  299
   34  298
   33  297
   36  296
   35  295
   38  294
   37  293
   40  292
   39  291
   42  290
   41  289
   44  288
   43  287
   46  286
   45  285
   48  284
   47  283
   50  282
   49  281
   52  280
   51  279
   54  278
   53  277
   56  276
   55  275
   58  274
   57  273
   60  272
   59  271
   62  270
   61  269
   64  268
   63  267
   66  266
   65  265
   68  264
   67  263
   70  262
   69  261
   72  260
   71  259
   74  258
   73  257
   76  256
   75  255
   78  254
   77  253
   80  252
   79  251
   82  250
   81  249
   84  248
   83  247
   86  246
   85  245
   88  244
   87  243
   90  242
   89  241
   92  240
   91  239
   94  238
   93  237
   96  236
   95  235
   98  234
   97  233
  100  232
   99  231
  102  230
  101  229
  104  228
  103  227
  106  226
  105  225
  108  224
  107  223
  110  222
  109  221
  112  220
  111  219
  114  218
  113  217
  116  216
  115  215
  118  214
  117  213
  120  212
  119  211
  122  210
  121  209
  124  208
  123  207
  126  206
  125  205
  128  204
  127  203
  130  202
  129  201
  132  200
  131  199
  134  198
  133  197
  136  196
  135  195
  138  194
  137  193
  140  192
  139  191
  142  190
  141  189
  144  188
  143  187
  146  186
  145  185
  148  184
  147  183
  150  182
  149  181
  152  180
  151  179
  154  178
  153  177
  156  176
  155  175
  158  174
  157  173
  160  172
  159  171
  162  170
  161  169
  164  168
  163  167
  166  166
  165  165
  168  164
  167  163
  170  162
  169  161
  172  160
  171  159
  174  158
  173  157
  176  156
  175  155
  178  154
  177  153
  180  152
  179  151
  182  150
  181  149
  184  148
  183  147
  186  146
  185  145
  188  144
  187  143
  190  142
  189  141
  192  140
  191  139
  194  138
  193  137
  196  136
  195  135
  198  134
  197  133
  200  132
  199  131
  202  130
  201  129
  204  128
  203  127
  206  126
  205  125
  208  124
  207  123
  210  122
  209  121
  212  120
  211  119
  214  118
  213  117
  216  116
  215  115
  218  114
  217  113
  220  112
  219  111
  222  110
  221  109
  224  108
  223  107
  226  106
  225  105
  228  104
  227  103
  230  102
  229  101
  232  100
  231   99
  234   98
  233   97
  236   96
  235   95
  238   94
  237   93
  240   92
  239   91
  242   90
  241   89
  244   88
  243   87
  246   86
  245   85
  248   84
  247   83
  250   82
  249   81
  252   80
  251   79
  254   78
  253   77
  256   76
  255   75
  258   74
  257   73
  260   72
  259   71
  262   70
  261   69
  264   68
  263   67
  266   66
  265   65
  268   64
  267   63
  270   62
  269   61
  272   60
  271   59
  274   58
  273   57
  276   56
  275   55
  278   54
  277   53
  280   52
  279   51
  282   50
  281   49
  284   48
  283   47
  286   46
  285   45
  288   44
  287   43
  290   42
  289   41
  292   40
  291   39
  294   38
  293   37
  296   36
  295   35
  298   34
  297   33
  300   32
  299   31
  302   30
  301   29
  304   28
  303   27
  306   26
  305   25
  308   24
  307   23
  310   22
  309   21
  312   20
  311   19
  314   18
  313   17
  316   16
  315   15
  318   14
  317   13
  320   12
  319   11
  322   10
  321    9
  324    8
  323    7
  326    6
  325    5
  328    4
  327    3
  330    2
  329    1
