       11.2815847397        0.0002078985        0.0004684650        0.0008342720        0.0013091017        0.0018946910        0.0025956056        0.0034169282
       11.2815847397        0.0002078985        0.0004684650        0.0008342720        0.0013091017        0.0018946910        0.0025956056        0.0034169282
       21.2093791962        0.0004637197        0.0010450772        0.0018612245        0.0029236024        0.0042364922        0.0058132205        0.0076684474
       21.2093791962        0.0004637197        0.0010450772        0.0018612245        0.0029236024        0.0042364922        0.0058132205        0.0076684474
       21.2093791962        0.0004637197        0.0010450772        0.0018612245        0.0029236024        0.0042364922        0.0058132205        0.0076684474
       21.2093791962        0.0004637197        0.0010450772        0.0018612245        0.0029236024        0.0042364922        0.0058132205        0.0076684474
       25.2707500458        0.0007278336        0.0016400777        0.0029199339        0.0045881114        0.0066506878        0.0091308382        0.0120536097
       25.2707500458        0.0007278336        0.0016400777        0.0029199339        0.0045881114        0.0066506878        0.0091308382        0.0120536097
       31.4756202698        0.0019299889        0.0043408962        0.0077051976        0.0120879753        0.0174838684        0.0239508366        0.0315435212
       31.4756202698        0.0019299889        0.0043408962        0.0077051976        0.0120879753        0.0174838684        0.0239508366        0.0315435212
       31.4756202698        0.0019299889        0.0043408962        0.0077051976        0.0120879753        0.0174838684        0.0239508366        0.0315435212
       31.4756202698        0.0019299889        0.0043408962        0.0077051976        0.0120879753        0.0174838684        0.0239508366        0.0315435212
       31.4756202698        0.0019299889        0.0043408962        0.0077051976        0.0120879753        0.0174838684        0.0239508366        0.0315435212
       31.4756202698        0.0019299889        0.0043408962        0.0077051976        0.0120879753        0.0174838684        0.0239508366        0.0315435212
       33.8447532654        0.0033365432        0.0074812412        0.0132181817        0.0206516903        0.0297156823        0.0404701874        0.0529507660
       33.8447532654        0.0033365432        0.0074812412        0.0132181817        0.0206516903        0.0297156823        0.0404701874        0.0529507660
       37.3984527588        0.0118594137        0.0259770683        0.0444465793        0.0671659382        0.0929579978        0.1213617911        0.1517844921
       37.3984527588        0.0118594137        0.0259770683        0.0444465793        0.0671659382        0.0929579978        0.1213617911        0.1517844921
       37.3984527588        0.0118594137        0.0259770683        0.0444465793        0.0671659382        0.0929579978        0.1213617911        0.1517844921
       37.3984527588        0.0118594137        0.0259770683        0.0444465793        0.0671659382        0.0929579978        0.1213617911        0.1517844921
       41.3188018799        0.5087901592        0.5189177354        0.5264149149        0.5406320688        0.5532728601        0.5663379703        0.5795915768
       41.3188018799        0.5087901592        0.5189177354        0.5264149149        0.5406320688        0.5532728601        0.5663379703        0.5795915768
       41.3188018799        0.5087901592        0.5189177354        0.5264149149        0.5406320688        0.5532728601        0.5663379703        0.5795915768
       41.3188018799        0.5087901592        0.5189177354        0.5264149149        0.5406320688        0.5532728601        0.5663379703        0.5795915768
       41.3188018799        0.5087901592        0.5189177354        0.5264149149        0.5406320688        0.5532728601        0.5663379703        0.5795915768
       41.3188018799        0.5087901592        0.5189177354        0.5264149149        0.5406320688        0.5532728601        0.5663379703        0.5795915768
       41.3188018799        0.5087901592        0.5189177354        0.5264149149        0.5406320688        0.5532728601        0.5663379703        0.5795915768
       41.3188018799        0.5087901592        0.5189177354        0.5264149149        0.5406320688        0.5532728601        0.5663379703        0.5795915768
       45.8878479004        0.9913099570        0.9813211054        0.9686817129        0.9548944402        0.9406933950        0.9269864534        0.9143128242
       45.8878479004        0.9913099570        0.9813211054        0.9686817129        0.9548944402        0.9406933950        0.9269864534        0.9143128242
       45.8878479004        0.9913099570        0.9813211054        0.9686817129        0.9548944402        0.9406933950        0.9269864534        0.9143128242
       45.8878479004        0.9913099570        0.9813211054        0.9686817129        0.9548944402        0.9406933950        0.9269864534        0.9143128242
       48.4262008667        0.9963445744        0.9919610545        0.9861279358        0.9792758633        0.9716687966        0.9636865303        0.9556393422
       48.4262008667        0.9963445744        0.9919610545        0.9861279358        0.9792758633        0.9716687966        0.9636865303        0.9556393422
       48.4262008667        0.9963445744        0.9919610545        0.9861279358        0.9792758633        0.9716687966        0.9636865303        0.9556393422
       48.4262008667        0.9963445744        0.9919610545        0.9861279358        0.9792758633        0.9716687966        0.9636865303        0.9556393422
       48.4262008667        0.9963445744        0.9919610545        0.9861279358        0.9792758633        0.9716687966        0.9636865303        0.9556393422
       48.4262008667        0.9963445744        0.9919610545        0.9861279358        0.9792758633        0.9716687966        0.9636865303        0.9556393422
       48.9338684082        0.9968103176        0.9929691468        0.9878313838        0.9817472764        0.9749353539        0.9677166372        0.9603615865
       48.9338684082        0.9968103176        0.9929691468        0.9878313838        0.9817472764        0.9749353539        0.9677166372        0.9603615865
       51.4011573792        0.9981711480        0.9959400748        0.9929081139        0.9892238904        0.9849842497        0.9803424977        0.9754406970
       51.4011573792        0.9981711480        0.9959400748        0.9929081139        0.9892238904        0.9849842497        0.9803424977        0.9754406970
       51.4011573792        0.9981711480        0.9959400748        0.9929081139        0.9892238904        0.9849842497        0.9803424977        0.9754406970
       51.4011573792        0.9981711480        0.9959400748        0.9929081139        0.9892238904        0.9849842497        0.9803424977        0.9754406970
       51.4011573792        0.9981711480        0.9959400748        0.9929081139        0.9892238904        0.9849842497        0.9803424977        0.9754406970
       51.4011573792        0.9981711480        0.9959400748        0.9929081139        0.9892238904        0.9849842497        0.9803424977        0.9754406970
       51.4011573792        0.9981711480        0.9959400748        0.9929081139        0.9892238904        0.9849842497        0.9803424977        0.9754406970
       51.4011573792        0.9981711480        0.9959400748        0.9929081139        0.9892238904        0.9849842497        0.9803424977        0.9754406970
       51.4011573792        0.9981711480        0.9959400748        0.9929081139        0.9892238904        0.9849842497        0.9803424977        0.9754406970
       51.4011573792        0.9981711480        0.9959400748        0.9929081139        0.9892238904        0.9849842497        0.9803424977        0.9754406970
       57.2924003601        0.9992681639        0.9983647908        0.9971191458        0.9955667372        0.9937309433        0.9916524018        0.9893722414
       57.2924003601        0.9992681639        0.9983647908        0.9971191458        0.9955667372        0.9937309433        0.9916524018        0.9893722414
       57.2924003601        0.9992681639        0.9983647908        0.9971191458        0.9955667372        0.9937309433        0.9916524018        0.9893722414
       57.2924003601        0.9992681639        0.9983647908        0.9971191458        0.9955667372        0.9937309433        0.9916524018        0.9893722414
       57.2924003601        0.9992681639        0.9983647908        0.9971191458        0.9955667372        0.9937309433        0.9916524018        0.9893722414
       57.2924003601        0.9992681639        0.9983647908        0.9971191458        0.9955667372        0.9937309433        0.9916524018        0.9893722414
       58.5085563660        0.9993677796        0.9985864279        0.9975074314        0.9961590310        0.9945597795        0.9927423230        0.9907400037
       58.5085563660        0.9993677796        0.9985864279        0.9975074314        0.9961590310        0.9945597795        0.9927423230        0.9907400037
       58.5085563660        0.9993677796        0.9985864279        0.9975074314        0.9961590310        0.9945597795        0.9927423230        0.9907400037
       58.5085563660        0.9993677796        0.9985864279        0.9975074314        0.9961590310        0.9945597795        0.9927423230        0.9907400037
       58.5085563660        0.9993677796        0.9985864279        0.9975074314        0.9961590310        0.9945597795        0.9927423230        0.9907400037
       58.5085563660        0.9993677796        0.9985864279        0.9975074314        0.9961590310        0.9945597795        0.9927423230        0.9907400037
       58.5085563660        0.9993677796        0.9985864279        0.9975074314        0.9961590310        0.9945597795        0.9927423230        0.9907400037
       58.5085563660        0.9993677796        0.9985864279        0.9975074314        0.9961590310        0.9945597795        0.9927423230        0.9907400037
       60.7197418213        0.9995033770        0.9988885523        0.9980377221        0.9969702490        0.9956987911        0.9942460438        0.9926354870
       60.7197418213        0.9995033770        0.9988885523        0.9980377221        0.9969702490        0.9956987911        0.9942460438        0.9926354870
       61.1845474243        0.9995262944        0.9989396652        0.9981275535        0.9971079443        0.9958925823        0.9945025983        0.9929599033
       61.1845474243        0.9995262944        0.9989396652        0.9981275535        0.9971079443        0.9958925823        0.9945025983        0.9929599033
       61.1845474243        0.9995262944        0.9989396652        0.9981275535        0.9971079443        0.9958925823        0.9945025983        0.9929599033
       61.1845474243        0.9995262944        0.9989396652        0.9981275535        0.9971079443        0.9958925823        0.9945025983        0.9929599033
       61.1845474243        0.9995262944        0.9989396652        0.9981275535        0.9971079443        0.9958925823        0.9945025983        0.9929599033
       61.1845474243        0.9995262944        0.9989396652        0.9981275535        0.9971079443        0.9958925823        0.9945025983        0.9929599033
       61.1845474243        0.9995262944        0.9989396652        0.9981275535        0.9971079443        0.9958925823        0.9945025983        0.9929599033
       61.1845474243        0.9995262944        0.9989396652        0.9981275535        0.9971079443        0.9958925823        0.9945025983        0.9929599033
       61.1845474243        0.9995262944        0.9989396652        0.9981275535        0.9971079443        0.9958925823        0.9945025983        0.9929599033
       61.1845474243        0.9995262944        0.9989396652        0.9981275535        0.9971079443        0.9958925823        0.9945025983        0.9929599033
       61.1845474243        0.9995262944        0.9989396652        0.9981275535        0.9971079443        0.9958925823        0.9945025983        0.9929599033
       61.1845474243        0.9995262944        0.9989396652        0.9981275535        0.9971079443        0.9958925823        0.9945025983        0.9929599033
       61.2409553528        0.9995289673        0.9989456276        0.9981380347        0.9971240153        0.9959152094        0.9945325676        0.9929978198
       61.2409553528        0.9995289673        0.9989456276        0.9981380347        0.9971240153        0.9959152094        0.9945325676        0.9929978198
       61.2409553528        0.9995289673        0.9989456276        0.9981380347        0.9971240153        0.9959152094        0.9945325676        0.9929978198
       61.2409553528        0.9995289673        0.9989456276        0.9981380347        0.9971240153        0.9959152094        0.9945325676        0.9929978198
       67.9972763062        0.9997370695        0.9994104870        0.9989567217        0.9983829621        0.9976938265        0.9968979513        0.9960044929
       67.9972763062        0.9997370695        0.9994104870        0.9989567217        0.9983829621        0.9976938265        0.9968979513        0.9960044929
       67.9972763062        0.9997370695        0.9994104870        0.9989567217        0.9983829621        0.9976938265        0.9968979513        0.9960044929
       67.9972763062        0.9997370695        0.9994104870        0.9989567217        0.9983829621        0.9976938265        0.9968979513        0.9960044929
       67.9972763062        0.9997370695        0.9994104870        0.9989567217        0.9983829621        0.9976938265        0.9968979513        0.9960044929
       67.9972763062        0.9997370695        0.9994104870        0.9989567217        0.9983829621        0.9976938265        0.9968979513        0.9960044929
       67.9972763062        0.9997370695        0.9994104870        0.9989567217        0.9983829621        0.9976938265        0.9968979513        0.9960044929
       67.9972763062        0.9997370695        0.9994104870        0.9989567217        0.9983829621        0.9976938265        0.9968979513        0.9960044929
       68.8785858154        0.9997535954        0.9994474608        0.9990219731        0.9984836314        0.9978366029        0.9970887100        0.9962482615
       68.8785858154        0.9997535954        0.9994474608        0.9990219731        0.9984836314        0.9978366029        0.9970887100        0.9962482615
       68.8785858154        0.9997535954        0.9994474608        0.9990219731        0.9984836314        0.9978366029        0.9970887100        0.9962482615
       68.8785858154        0.9997535954        0.9994474608        0.9990219731        0.9984836314        0.9978366029        0.9970887100        0.9962482615
       68.8785858154        0.9997535954        0.9994474608        0.9990219731        0.9984836314        0.9978366029        0.9970887100        0.9962482615
       68.8785858154        0.9997535954        0.9994474608        0.9990219731        0.9984836314        0.9978366029        0.9970887100        0.9962482615
       68.8785858154        0.9997535954        0.9994474608        0.9990219731        0.9984836314        0.9978366029        0.9970887100        0.9962482615
       68.8785858154        0.9997535954        0.9994474608        0.9990219731        0.9984836314        0.9978366029        0.9970887100        0.9962482615
       68.8785858154        0.9997535954        0.9994474608        0.9990219731        0.9984836314        0.9978366029        0.9970887100        0.9962482615
       68.8785858154        0.9997535954        0.9994474608        0.9990219731        0.9984836314        0.9978366029        0.9970887100        0.9962482615
       71.2071075439        0.9997904522        0.9995299541        0.9991676341        0.9987085470        0.9981559179        0.9975158554        0.9967948761
       71.2071075439        0.9997904522        0.9995299541        0.9991676341        0.9987085470        0.9981559179        0.9975158554        0.9967948761
       71.2071075439        0.9997904522        0.9995299541        0.9991676341        0.9987085470        0.9981559179        0.9975158554        0.9967948761
       71.2071075439        0.9997904522        0.9995299541        0.9991676341        0.9987085470        0.9981559179        0.9975158554        0.9967948761
       71.2071075439        0.9997904522        0.9995299541        0.9991676341        0.9987085470        0.9981559179        0.9975158554        0.9967948761
       71.2071075439        0.9997904522        0.9995299541        0.9991676341        0.9987085470        0.9981559179        0.9975158554        0.9967948761
       71.2071075439        0.9997904522        0.9995299541        0.9991676341        0.9987085470        0.9981559179        0.9975158554        0.9967948761
       71.2071075439        0.9997904522        0.9995299541        0.9991676341        0.9987085470        0.9981559179        0.9975158554        0.9967948761
       71.2071075439        0.9997904522        0.9995299541        0.9991676341        0.9987085470        0.9981559179        0.9975158554        0.9967948761
       71.2071075439        0.9997904522        0.9995299541        0.9991676341        0.9987085470        0.9981559179        0.9975158554        0.9967948761
       71.2071075439        0.9997904522        0.9995299541        0.9991676341        0.9987085470        0.9981559179        0.9975158554        0.9967948761
       71.2071075439        0.9997904522        0.9995299541        0.9991676341        0.9987085470        0.9981559179        0.9975158554        0.9967948761
       71.2071075439        0.9997904522        0.9995299541        0.9991676341        0.9987085470        0.9981559179        0.9975158554        0.9967948761
       71.2071075439        0.9997904522        0.9995299541        0.9991676341        0.9987085470        0.9981559179        0.9975158554        0.9967948761
       72.4038543701        0.9998062596        0.9995653489        0.9992301652        0.9988051851        0.9982932576        0.9976998018        0.9970306100
       72.4038543701        0.9998062596        0.9995653489        0.9992301652        0.9988051851        0.9982932576        0.9976998018        0.9970306100
       72.4038543701        0.9998062596        0.9995653489        0.9992301652        0.9988051851        0.9982932576        0.9976998018        0.9970306100
       72.4038543701        0.9998062596        0.9995653489        0.9992301652        0.9988051851        0.9982932576        0.9976998018        0.9970306100
       72.8934783936        0.9998122154        0.9995786870        0.9992537347        0.9988416237        0.9983450659        0.9977692283        0.9971196372
       72.8934783936        0.9998122154        0.9995786870        0.9992537347        0.9988416237        0.9983450659        0.9977692283        0.9971196372
       72.8934783936        0.9998122154        0.9995786870        0.9992537347        0.9988416237        0.9983450659        0.9977692283        0.9971196372
       72.8934783936        0.9998122154        0.9995786870        0.9992537347        0.9988416237        0.9983450659        0.9977692283        0.9971196372
       72.8934783936        0.9998122154        0.9995786870        0.9992537347        0.9988416237        0.9983450659        0.9977692283        0.9971196372
       72.8934783936        0.9998122154        0.9995786870        0.9992537347        0.9988416237        0.9983450659        0.9977692283        0.9971196372
       74.5022277832        0.9998299648        0.9996184447        0.9993240070        0.9989503097        0.9984996714        0.9979765319        0.9973856504
       74.5022277832        0.9998299648        0.9996184447        0.9993240070        0.9989503097        0.9984996714        0.9979765319        0.9973856504
       77.8379669189        0.9998595847        0.9996848174        0.9994413824        0.9991320012        0.9987583887        0.9983238591        0.9978319788
       77.8379669189        0.9998595847        0.9996848174        0.9994413824        0.9991320012        0.9987583887        0.9983238591        0.9978319788
       77.8379669189        0.9998595847        0.9996848174        0.9994413824        0.9991320012        0.9987583887        0.9983238591        0.9978319788
       77.8379669189        0.9998595847        0.9996848174        0.9994413824        0.9991320012        0.9987583887        0.9983238591        0.9978319788
       77.8379669189        0.9998595847        0.9996848174        0.9994413824        0.9991320012        0.9987583887        0.9983238591        0.9978319788
       77.8379669189        0.9998595847        0.9996848174        0.9994413824        0.9991320012        0.9987583887        0.9983238591        0.9978319788
       77.8379669189        0.9998595847        0.9996848174        0.9994413824        0.9991320012        0.9987583887        0.9983238591        0.9978319788
       77.8379669189        0.9998595847        0.9996848174        0.9994413824        0.9991320012        0.9987583887        0.9983238591        0.9978319788
       77.8379669189        0.9998595847        0.9996848174        0.9994413824        0.9991320012        0.9987583887        0.9983238591        0.9978319788
       77.8379669189        0.9998595847        0.9996848174        0.9994413824        0.9991320012        0.9987583887        0.9983238591        0.9978319788
       80.3000640869        0.9998767492        0.9997232956        0.9995094643        0.9992374810        0.9989087428        0.9985259652        0.9980920774
       80.3000640869        0.9998767492        0.9997232956        0.9995094643        0.9992374810        0.9989087428        0.9985259652        0.9980920774
       80.3000640869        0.9998767492        0.9997232956        0.9995094643        0.9992374810        0.9989087428        0.9985259652        0.9980920774
       80.3000640869        0.9998767492        0.9997232956        0.9995094643        0.9992374810        0.9989087428        0.9985259652        0.9980920774
       80.3000640869        0.9998767492        0.9997232956        0.9995094643        0.9992374810        0.9989087428        0.9985259652        0.9980920774
       80.3000640869        0.9998767492        0.9997232956        0.9995094643        0.9992374810        0.9989087428        0.9985259652        0.9980920774
       80.3000640869        0.9998767492        0.9997232956        0.9995094643        0.9992374810        0.9989087428        0.9985259652        0.9980920774
       80.3000640869        0.9998767492        0.9997232956        0.9995094643        0.9992374810        0.9989087428        0.9985259652        0.9980920774
       80.3000640869        0.9998767492        0.9997232956        0.9995094643        0.9992374810        0.9989087428        0.9985259652        0.9980920774
       80.3000640869        0.9998767492        0.9997232956        0.9995094643        0.9992374810        0.9989087428        0.9985259652        0.9980920774
       80.3000640869        0.9998767492        0.9997232956        0.9995094643        0.9992374810        0.9989087428        0.9985259652        0.9980920774
       80.3000640869        0.9998767492        0.9997232956        0.9995094643        0.9992374810        0.9989087428        0.9985259652        0.9980920774
       81.5374298096        0.9998842111        0.9997400266        0.9995390761        0.9992833810        0.9989742077        0.9986140248        0.9982054976
       81.5374298096        0.9998842111        0.9997400266        0.9995390761        0.9992833810        0.9989742077        0.9986140248        0.9982054976
       81.5374298096        0.9998842111        0.9997400266        0.9995390761        0.9992833810        0.9989742077        0.9986140248        0.9982054976
       81.5374298096        0.9998842111        0.9997400266        0.9995390761        0.9992833810        0.9989742077        0.9986140248        0.9982054976
       81.5374298096        0.9998842111        0.9997400266        0.9995390761        0.9992833810        0.9989742077        0.9986140248        0.9982054976
       81.5374298096        0.9998842111        0.9997400266        0.9995390761        0.9992833810        0.9989742077        0.9986140248        0.9982054976
       81.5374298096        0.9998842111        0.9997400266        0.9995390761        0.9992833810        0.9989742077        0.9986140248        0.9982054976
       81.5374298096        0.9998842111        0.9997400266        0.9995390761        0.9992833810        0.9989742077        0.9986140248        0.9982054976
       81.5374298096        0.9998842111        0.9997400266        0.9995390761        0.9992833810        0.9989742077        0.9986140248        0.9982054976
       81.5374298096        0.9998842111        0.9997400266        0.9995390761        0.9992833810        0.9989742077        0.9986140248        0.9982054976
       81.5374298096        0.9998842111        0.9997400266        0.9995390761        0.9992833810        0.9989742077        0.9986140248        0.9982054976
       81.5374298096        0.9998842111        0.9997400266        0.9995390761        0.9992833810        0.9989742077        0.9986140248        0.9982054976
       81.5374298096        0.9998842111        0.9997400266        0.9995390761        0.9992833810        0.9989742077        0.9986140248        0.9982054976
       81.5374298096        0.9998842111        0.9997400266        0.9995390761        0.9992833810        0.9989742077        0.9986140248        0.9982054976
       81.5374298096        0.9998842111        0.9997400266        0.9995390761        0.9992833810        0.9989742077        0.9986140248        0.9982054976
       81.5374298096        0.9998842111        0.9997400266        0.9995390761        0.9992833810        0.9989742077        0.9986140248        0.9982054976
       82.5663070679        0.9998899115        0.9997528098        0.9995617044        0.9993184654        0.9990242627        0.9986813819        0.9982922923
       82.5663070679        0.9998899115        0.9997528098        0.9995617044        0.9993184654        0.9990242627        0.9986813819        0.9982922923
       82.5663070679        0.9998899115        0.9997528098        0.9995617044        0.9993184654        0.9990242627        0.9986813819        0.9982922923
       82.5663070679        0.9998899115        0.9997528098        0.9995617044        0.9993184654        0.9990242627        0.9986813819        0.9982922923
       82.5663070679        0.9998899115        0.9997528098        0.9995617044        0.9993184654        0.9990242627        0.9986813819        0.9982922923
       82.5663070679        0.9998899115        0.9997528098        0.9995617044        0.9993184654        0.9990242627        0.9986813819        0.9982922923
       84.1330947876        0.9998978163        0.9997705384        0.9995930919        0.9993671443        0.9990937364        0.9987749078        0.9984128651
       84.1330947876        0.9998978163        0.9997705384        0.9995930919        0.9993671443        0.9990937364        0.9987749078        0.9984128651
       84.1330947876        0.9998978163        0.9997705384        0.9995930919        0.9993671443        0.9990937364        0.9987749078        0.9984128651
       84.1330947876        0.9998978163        0.9997705384        0.9995930919        0.9993671443        0.9990937364        0.9987749078        0.9984128651
       84.1330947876        0.9998978163        0.9997705384        0.9995930919        0.9993671443        0.9990937364        0.9987749078        0.9984128651
       84.1330947876        0.9998978163        0.9997705384        0.9995930919        0.9993671443        0.9990937364        0.9987749078        0.9984128651
       84.1330947876        0.9998978163        0.9997705384        0.9995930919        0.9993671443        0.9990937364        0.9987749078        0.9984128651
       84.1330947876        0.9998978163        0.9997705384        0.9995930919        0.9993671443        0.9990937364        0.9987749078        0.9984128651
       85.3921203613        0.9999035674        0.9997834385        0.9996159346        0.9994025812        0.9991443287        0.9988430441        0.9985007489
       85.3921203613        0.9999035674        0.9997834385        0.9996159346        0.9994025812        0.9991443287        0.9988430441        0.9985007489
       86.0635986328        0.9999064382        0.9997898784        0.9996273394        0.9994202772        0.9991695984        0.9988770857        0.9985446704
       86.0635986328        0.9999064382        0.9997898784        0.9996273394        0.9994202772        0.9991695984        0.9988770857        0.9985446704
       86.0635986328        0.9999064382        0.9997898784        0.9996273394        0.9994202772        0.9991695984        0.9988770857        0.9985446704
       86.0635986328        0.9999064382        0.9997898784        0.9996273394        0.9994202772        0.9991695984        0.9988770857        0.9985446704
       87.6646804810        0.9999127872        0.9998041223        0.9996525674        0.9994594296        0.9992255211        0.9989524432        0.9986419324
       87.6646804810        0.9999127872        0.9998041223        0.9996525674        0.9994594296        0.9992255211        0.9989524432        0.9986419324
       87.6646804810        0.9999127872        0.9998041223        0.9996525674        0.9994594296        0.9992255211        0.9989524432        0.9986419324
       87.6646804810        0.9999127872        0.9998041223        0.9996525674        0.9994594296        0.9992255211        0.9989524432        0.9986419324
       87.6646804810        0.9999127872        0.9998041223        0.9996525674        0.9994594296        0.9992255211        0.9989524432        0.9986419324
       87.6646804810        0.9999127872        0.9998041223        0.9996525674        0.9994594296        0.9992255211        0.9989524432        0.9986419324
       87.6646804810        0.9999127872        0.9998041223        0.9996525674        0.9994594296        0.9992255211        0.9989524432        0.9986419324
       87.6646804810        0.9999127872        0.9998041223        0.9996525674        0.9994594296        0.9992255211        0.9989524432        0.9986419324
       87.6646804810        0.9999127872        0.9998041223        0.9996525674        0.9994594296        0.9992255211        0.9989524432        0.9986419324
       87.6646804810        0.9999127872        0.9998041223        0.9996525674        0.9994594296        0.9992255211        0.9989524432        0.9986419324
       87.6646804810        0.9999127872        0.9998041223        0.9996525674        0.9994594296        0.9992255211        0.9989524432        0.9986419324
       87.6646804810        0.9999127872        0.9998041223        0.9996525674        0.9994594296        0.9992255211        0.9989524432        0.9986419324
       90.8465423584        0.9999236274        0.9998284459        0.9996956579        0.9995263293        0.9993211203        0.9990813385        0.9988084044
       90.8465423584        0.9999236274        0.9998284459        0.9996956579        0.9995263293        0.9993211203        0.9990813385        0.9988084044
       90.8465423584        0.9999236274        0.9998284459        0.9996956579        0.9995263293        0.9993211203        0.9990813385        0.9988084044
       90.8465423584        0.9999236274        0.9998284459        0.9996956579        0.9995263293        0.9993211203        0.9990813385        0.9988084044
       90.8465423584        0.9999236274        0.9998284459        0.9996956579        0.9995263293        0.9993211203        0.9990813385        0.9988084044
       90.8465423584        0.9999236274        0.9998284459        0.9996956579        0.9995263293        0.9993211203        0.9990813385        0.9988084044
       90.8465423584        0.9999236274        0.9998284459        0.9996956579        0.9995263293        0.9993211203        0.9990813385        0.9988084044
       90.8465423584        0.9999236274        0.9998284459        0.9996956579        0.9995263293        0.9993211203        0.9990813385        0.9988084044
       90.8465423584        0.9999236274        0.9998284459        0.9996956579        0.9995263293        0.9993211203        0.9990813385        0.9988084044
       90.8465423584        0.9999236274        0.9998284459        0.9996956579        0.9995263293        0.9993211203        0.9990813385        0.9988084044
       90.8465423584        0.9999236274        0.9998284459        0.9996956579        0.9995263293        0.9993211203        0.9990813385        0.9988084044
       90.8465423584        0.9999236274        0.9998284459        0.9996956579        0.9995263293        0.9993211203        0.9990813385        0.9988084044
       90.8465423584        0.9999236274        0.9998284459        0.9996956579        0.9995263293        0.9993211203        0.9990813385        0.9988084044
       90.8465423584        0.9999236274        0.9998284459        0.9996956579        0.9995263293        0.9993211203        0.9990813385        0.9988084044
       90.8465423584        0.9999236274        0.9998284459        0.9996956579        0.9995263293        0.9993211203        0.9990813385        0.9988084044
       90.8465423584        0.9999236274        0.9998284459        0.9996956579        0.9995263293        0.9993211203        0.9990813385        0.9988084044
       90.8465423584        0.9999236274        0.9998284459        0.9996956579        0.9995263293        0.9993211203        0.9990813385        0.9988084044
       90.8465423584        0.9999236274        0.9998284459        0.9996956579        0.9995263293        0.9993211203        0.9990813385        0.9988084044
       92.0293045044        0.9999271466        0.9998363437        0.9997096519        0.9995480629        0.9993521897        0.9991232494        0.9988625645
       92.0293045044        0.9999271466        0.9998363437        0.9997096519        0.9995480629        0.9993521897        0.9991232494        0.9988625645
       92.0293045044        0.9999271466        0.9998363437        0.9997096519        0.9995480629        0.9993521897        0.9991232494        0.9988625645
       92.0293045044        0.9999271466        0.9998363437        0.9997096519        0.9995480629        0.9993521897        0.9991232494        0.9988625645
       92.0293045044        0.9999271466        0.9998363437        0.9997096519        0.9995480629        0.9993521897        0.9991232494        0.9988625645
       92.0293045044        0.9999271466        0.9998363437        0.9997096519        0.9995480629        0.9993521897        0.9991232494        0.9988625645
       92.0293045044        0.9999271466        0.9998363437        0.9997096519        0.9995480629        0.9993521897        0.9991232494        0.9988625645
       92.0293045044        0.9999271466        0.9998363437        0.9997096519        0.9995480629        0.9993521897        0.9991232494        0.9988625645
       92.0293045044        0.9999271466        0.9998363437        0.9997096519        0.9995480629        0.9993521897        0.9991232494        0.9988625645
       92.0293045044        0.9999271466        0.9998363437        0.9997096519        0.9995480629        0.9993521897        0.9991232494        0.9988625645
       92.0293045044        0.9999271466        0.9998363437        0.9997096519        0.9995480629        0.9993521897        0.9991232494        0.9988625645
       92.0293045044        0.9999271466        0.9998363437        0.9997096519        0.9995480629        0.9993521897        0.9991232494        0.9988625645
       92.0293045044        0.9999271466        0.9998363437        0.9997096519        0.9995480629        0.9993521897        0.9991232494        0.9988625645
       92.0293045044        0.9999271466        0.9998363437        0.9997096519        0.9995480629        0.9993521897        0.9991232494        0.9988625645
       92.3370666504        0.9999280225        0.9998383094        0.9997131351        0.9995534730        0.9993599248        0.9991336852        0.9988760527
       92.3370666504        0.9999280225        0.9998383094        0.9997131351        0.9995534730        0.9993599248        0.9991336852        0.9988760527
       92.3370666504        0.9999280225        0.9998383094        0.9997131351        0.9995534730        0.9993599248        0.9991336852        0.9988760527
       92.3370666504        0.9999280225        0.9998383094        0.9997131351        0.9995534730        0.9993599248        0.9991336852        0.9988760527
       92.3370666504        0.9999280225        0.9998383094        0.9997131351        0.9995534730        0.9993599248        0.9991336852        0.9988760527
       92.3370666504        0.9999280225        0.9998383094        0.9997131351        0.9995534730        0.9993599248        0.9991336852        0.9988760527
       92.3370666504        0.9999280225        0.9998383094        0.9997131351        0.9995534730        0.9993599248        0.9991336852        0.9988760527
       92.3370666504        0.9999280225        0.9998383094        0.9997131351        0.9995534730        0.9993599248        0.9991336852        0.9988760527
       95.3587188721        0.9999358431        0.9998558627        0.9997442433        0.9996018010        0.9994290385        0.9992269585        0.9989966519
       95.3587188721        0.9999358431        0.9998558627        0.9997442433        0.9996018010        0.9994290385        0.9992269585        0.9989966519
       95.3587188721        0.9999358431        0.9998558627        0.9997442433        0.9996018010        0.9994290385        0.9992269585        0.9989966519
       95.3587188721        0.9999358431        0.9998558627        0.9997442433        0.9996018010        0.9994290385        0.9992269585        0.9989966519
       95.3587188721        0.9999358431        0.9998558627        0.9997442433        0.9996018010        0.9994290385        0.9992269585        0.9989966519
       95.3587188721        0.9999358431        0.9998558627        0.9997442433        0.9996018010        0.9994290385        0.9992269585        0.9989966519
       95.3587188721        0.9999358431        0.9998558627        0.9997442433        0.9996018010        0.9994290385        0.9992269585        0.9989966519
       95.3587188721        0.9999358431        0.9998558627        0.9997442433        0.9996018010        0.9994290385        0.9992269585        0.9989966519
       95.3587188721        0.9999358431        0.9998558627        0.9997442433        0.9996018010        0.9994290385        0.9992269585        0.9989966519
       95.3587188721        0.9999358431        0.9998558627        0.9997442433        0.9996018010        0.9994290385        0.9992269585        0.9989966519
       95.5545730591        0.9999363054        0.9998569004        0.9997460826        0.9996046590        0.9994331268        0.9992324775        0.9990037904
       95.5545730591        0.9999363054        0.9998569004        0.9997460826        0.9996046590        0.9994331268        0.9992324775        0.9990037904
       95.5545730591        0.9999363054        0.9998569004        0.9997460826        0.9996046590        0.9994331268        0.9992324775        0.9990037904
       95.5545730591        0.9999363054        0.9998569004        0.9997460826        0.9996046590        0.9994331268        0.9992324775        0.9990037904
       97.2332687378        0.9999400708        0.9998653531        0.9997610653        0.9996279425        0.9994664368        0.9992774520        0.9990619719
       97.2332687378        0.9999400708        0.9998653531        0.9997610653        0.9996279425        0.9994664368        0.9992774520        0.9990619719
       97.2332687378        0.9999400708        0.9998653531        0.9997610653        0.9996279425        0.9994664368        0.9992774520        0.9990619719
       97.2332687378        0.9999400708        0.9998653531        0.9997610653        0.9996279425        0.9994664368        0.9992774520        0.9990619719
       97.2332687378        0.9999400708        0.9998653531        0.9997610653        0.9996279425        0.9994664368        0.9992774520        0.9990619719
       97.2332687378        0.9999400708        0.9998653531        0.9997610653        0.9996279425        0.9994664368        0.9992774520        0.9990619719
       97.6529464722        0.9999409600        0.9998673493        0.9997646038        0.9996334421        0.9994743059        0.9992880784        0.9990757217
       97.6529464722        0.9999409600        0.9998673493        0.9997646038        0.9996334421        0.9994743059        0.9992880784        0.9990757217
       97.7012329102        0.9999410611        0.9998675761        0.9997650059        0.9996340670        0.9994752001        0.9992892860        0.9990772843
       97.7012329102        0.9999410611        0.9998675761        0.9997650059        0.9996340670        0.9994752001        0.9992892860        0.9990772843
       97.7012329102        0.9999410611        0.9998675761        0.9997650059        0.9996340670        0.9994752001        0.9992892860        0.9990772843
       97.7012329102        0.9999410611        0.9998675761        0.9997650059        0.9996340670        0.9994752001        0.9992892860        0.9990772843
       97.7012329102        0.9999410611        0.9998675761        0.9997650059        0.9996340670        0.9994752001        0.9992892860        0.9990772843
       97.7012329102        0.9999410611        0.9998675761        0.9997650059        0.9996340670        0.9994752001        0.9992892860        0.9990772843
       97.7012329102        0.9999410611        0.9998675761        0.9997650059        0.9996340670        0.9994752001        0.9992892860        0.9990772843
       97.7012329102        0.9999410611        0.9998675761        0.9997650059        0.9996340670        0.9994752001        0.9992892860        0.9990772843
       97.7012329102        0.9999410611        0.9998675761        0.9997650059        0.9996340670        0.9994752001        0.9992892860        0.9990772843
       97.7012329102        0.9999410611        0.9998675761        0.9997650059        0.9996340670        0.9994752001        0.9992892860        0.9990772843
       97.7012329102        0.9999410611        0.9998675761        0.9997650059        0.9996340670        0.9994752001        0.9992892860        0.9990772843
       97.7012329102        0.9999410611        0.9998675761        0.9997650059        0.9996340670        0.9994752001        0.9992892860        0.9990772843
       97.7012329102        0.9999410611        0.9998675761        0.9997650059        0.9996340670        0.9994752001        0.9992892860        0.9990772843
       97.7012329102        0.9999410611        0.9998675761        0.9997650059        0.9996340670        0.9994752001        0.9992892860        0.9990772843
      102.7373275757        0.9999503268        0.9998883794        0.9998018886        0.9996914060        0.9995572693        0.9994001573        0.9992208106
      102.7373275757        0.9999503268        0.9998883794        0.9998018886        0.9996914060        0.9995572693        0.9994001573        0.9992208106
      102.7373275757        0.9999503268        0.9998883794        0.9998018886        0.9996914060        0.9995572693        0.9994001573        0.9992208106
      102.7373275757        0.9999503268        0.9998883794        0.9998018886        0.9996914060        0.9995572693        0.9994001573        0.9992208106
      102.7373275757        0.9999503268        0.9998883794        0.9998018886        0.9996914060        0.9995572693        0.9994001573        0.9992208106
      102.7373275757        0.9999503268        0.9998883794        0.9998018886        0.9996914060        0.9995572693        0.9994001573        0.9992208106
      102.7373275757        0.9999503268        0.9998883794        0.9998018886        0.9996914060        0.9995572693        0.9994001573        0.9992208106
      102.7373275757        0.9999503268        0.9998883794        0.9998018886        0.9996914060        0.9995572693        0.9994001573        0.9992208106
      102.7373275757        0.9999503268        0.9998883794        0.9998018886        0.9996914060        0.9995572693        0.9994001573        0.9992208106
      102.7373275757        0.9999503268        0.9998883794        0.9998018886        0.9996914060        0.9995572693        0.9994001573        0.9992208106
      102.7373275757        0.9999503268        0.9998883794        0.9998018886        0.9996914060        0.9995572693        0.9994001573        0.9992208106
      102.7373275757        0.9999503268        0.9998883794        0.9998018886        0.9996914060        0.9995572693        0.9994001573        0.9992208106
      102.7373275757        0.9999503268        0.9998883794        0.9998018886        0.9996914060        0.9995572693        0.9994001573        0.9992208106
      102.7373275757        0.9999503268        0.9998883794        0.9998018886        0.9996914060        0.9995572693        0.9994001573        0.9992208106
      102.7373275757        0.9999503268        0.9998883794        0.9998018886        0.9996914060        0.9995572693        0.9994001573        0.9992208106
      102.7373275757        0.9999503268        0.9998883794        0.9998018886        0.9996914060        0.9995572693        0.9994001573        0.9992208106
      103.1010437012        0.9999509097        0.9998896883        0.9998042095        0.9996950152        0.9995624367        0.9994071409        0.9992298553
      103.1010437012        0.9999509097        0.9998896883        0.9998042095        0.9996950152        0.9995624367        0.9994071409        0.9992298553
      103.1010437012        0.9999509097        0.9998896883        0.9998042095        0.9996950152        0.9995624367        0.9994071409        0.9992298553
      103.1010437012        0.9999509097        0.9998896883        0.9998042095        0.9996950152        0.9995624367        0.9994071409        0.9992298553
      103.1010437012        0.9999509097        0.9998896883        0.9998042095        0.9996950152        0.9995624367        0.9994071409        0.9992298553
      103.1010437012        0.9999509097        0.9998896883        0.9998042095        0.9996950152        0.9995624367        0.9994071409        0.9992298553
      103.1010437012        0.9999509097        0.9998896883        0.9998042095        0.9996950152        0.9995624367        0.9994071409        0.9992298553
      103.1010437012        0.9999509097        0.9998896883        0.9998042095        0.9996950152        0.9995624367        0.9994071409        0.9992298553
      103.1010437012        0.9999509097        0.9998896883        0.9998042095        0.9996950152        0.9995624367        0.9994071409        0.9992298553
      103.1010437012        0.9999509097        0.9998896883        0.9998042095        0.9996950152        0.9995624367        0.9994071409        0.9992298553
      106.7941894531        0.9999562895        0.9999017693        0.9998256335        0.9997283358        0.9996101531        0.9994716441        0.9993134192
      106.7941894531        0.9999562895        0.9999017693        0.9998256335        0.9997283358        0.9996101531        0.9994716441        0.9993134192
      106.7941894531        0.9999562895        0.9999017693        0.9998256335        0.9997283358        0.9996101531        0.9994716441        0.9993134192
      106.7941894531        0.9999562895        0.9999017693        0.9998256335        0.9997283358        0.9996101531        0.9994716441        0.9993134192
      106.7941894531        0.9999562895        0.9999017693        0.9998256335        0.9997283358        0.9996101531        0.9994716441        0.9993134192
      106.7941894531        0.9999562895        0.9999017693        0.9998256335        0.9997283358        0.9996101531        0.9994716441        0.9993134192
      106.7941894531        0.9999562895        0.9999017693        0.9998256335        0.9997283358        0.9996101531        0.9994716441        0.9993134192
      106.7941894531        0.9999562895        0.9999017693        0.9998256335        0.9997283358        0.9996101531        0.9994716441        0.9993134192
      106.7941894531        0.9999562895        0.9999017693        0.9998256335        0.9997283358        0.9996101531        0.9994716441        0.9993134192
      106.7941894531        0.9999562895        0.9999017693        0.9998256335        0.9997283358        0.9996101531        0.9994716441        0.9993134192
      106.7941894531        0.9999562895        0.9999017693        0.9998256335        0.9997283358        0.9996101531        0.9994716441        0.9993134192
      106.7941894531        0.9999562895        0.9999017693        0.9998256335        0.9997283358        0.9996101531        0.9994716441        0.9993134192
      107.0459976196        0.9999566236        0.9999025197        0.9998269644        0.9997304061        0.9996131185        0.9994756537        0.9993186151
      107.0459976196        0.9999566236        0.9999025197        0.9998269644        0.9997304061        0.9996131185        0.9994756537        0.9993186151
      107.0459976196        0.9999566236        0.9999025197        0.9998269644        0.9997304061        0.9996131185        0.9994756537        0.9993186151
      107.0459976196        0.9999566236        0.9999025197        0.9998269644        0.9997304061        0.9996131185        0.9994756537        0.9993186151
      107.0459976196        0.9999566236        0.9999025197        0.9998269644        0.9997304061        0.9996131185        0.9994756537        0.9993186151
      107.0459976196        0.9999566236        0.9999025197        0.9998269644        0.9997304061        0.9996131185        0.9994756537        0.9993186151
      109.3961791992        0.9999595658        0.9999091275        0.9998386841        0.9997486385        0.9996392361        0.9995109730        0.9993643917
      109.3961791992        0.9999595658        0.9999091275        0.9998386841        0.9997486385        0.9996392361        0.9995109730        0.9993643917
      109.3961791992        0.9999595658        0.9999091275        0.9998386841        0.9997486385        0.9996392361        0.9995109730        0.9993643917
      109.3961791992        0.9999595658        0.9999091275        0.9998386841        0.9997486385        0.9996392361        0.9995109730        0.9993643917
      109.3961791992        0.9999595658        0.9999091275        0.9998386841        0.9997486385        0.9996392361        0.9995109730        0.9993643917
      109.3961791992        0.9999595658        0.9999091275        0.9998386841        0.9997486385        0.9996392361        0.9995109730        0.9993643917
      109.3961791992        0.9999595658        0.9999091275        0.9998386841        0.9997486385        0.9996392361        0.9995109730        0.9993643917
      109.3961791992        0.9999595658        0.9999091275        0.9998386841        0.9997486385        0.9996392361        0.9995109730        0.9993643917
      109.5360641479        0.9999597314        0.9999094994        0.9998393438        0.9997496649        0.9996407065        0.9995129618        0.9993669698
      109.5360641479        0.9999597314        0.9999094994        0.9998393438        0.9997496649        0.9996407065        0.9995129618        0.9993669698
      110.5432891846        0.9999608943        0.9999121113        0.9998439767        0.9997568732        0.9996510339        0.9995269304        0.9993850783
      110.5432891846        0.9999608943        0.9999121113        0.9998439767        0.9997568732        0.9996510339        0.9995269304        0.9993850783
      110.5432891846        0.9999608943        0.9999121113        0.9998439767        0.9997568732        0.9996510339        0.9995269304        0.9993850783
      110.5432891846        0.9999608943        0.9999121113        0.9998439767        0.9997568732        0.9996510339        0.9995269304        0.9993850783
