 \Delta_{pairing}   0.866025419328063      MeV
       11.2815847397        0.9997921485
       11.2815847397        0.9997921485
       21.2093791962        0.9995364368
       21.2093791962        0.9995364368
       21.2093791962        0.9995364368
       21.2093791962        0.9995364368
       25.2707500458        0.9992724739
       25.2707500458        0.9992724739
       31.4756202698        0.9980713364
       31.4756202698        0.9980713364
       31.4756202698        0.9980713364
       31.4756202698        0.9980713364
       31.4756202698        0.9980713364
       31.4756202698        0.9980713364
       33.8447532654        0.9966664624
       33.8447532654        0.9966664624
       37.3984527588        0.9881604587
       37.3984527588        0.9881604587
       37.3984527588        0.9881604587
       37.3984527588        0.9881604587
       41.3188018799        0.4931696613
       41.3188018799        0.4931696613
       41.3188018799        0.4931696613
       41.3188018799        0.4931696613
       41.3188018799        0.4931696613
       41.3188018799        0.4931696613
       41.3188018799        0.4931696613
       41.3188018799        0.4931696613
       45.8878479004        0.0087025969
       45.8878479004        0.0087025969
       45.8878479004        0.0087025969
       45.8878479004        0.0087025969
       48.4262008667        0.0036588754
       48.4262008667        0.0036588754
       48.4262008667        0.0036588754
       48.4262008667        0.0036588754
       48.4262008667        0.0036588754
       48.4262008667        0.0036588754
       48.9338684082        0.0031924962
       48.9338684082        0.0031924962
       51.4011573792        0.0018300759
       51.4011573792        0.0018300759
       51.4011573792        0.0018300759
       51.4011573792        0.0018300759
       51.4011573792        0.0018300759
       51.4011573792        0.0018300759
       51.4011573792        0.0018300759
       51.4011573792        0.0018300759
       51.4011573792        0.0018300759
       51.4011573792        0.0018300759
       57.2924003601        0.0007321464
       57.2924003601        0.0007321464
       57.2924003601        0.0007321464
       57.2924003601        0.0007321464
       57.2924003601        0.0007321464
       57.2924003601        0.0007321464
       58.5085563660        0.0006324696
       58.5085563660        0.0006324696
       58.5085563660        0.0006324696
       58.5085563660        0.0006324696
       58.5085563660        0.0006324696
       58.5085563660        0.0006324696
       58.5085563660        0.0006324696
       58.5085563660        0.0006324696
       60.7197418213        0.0004967965
       60.7197418213        0.0004967965
       61.1845474243        0.0004738672
       61.1845474243        0.0004738672
       61.1845474243        0.0004738672
       61.1845474243        0.0004738672
       61.1845474243        0.0004738672
       61.1845474243        0.0004738672
       61.1845474243        0.0004738672
       61.1845474243        0.0004738672
       61.1845474243        0.0004738672
       61.1845474243        0.0004738672
       61.1845474243        0.0004738672
       61.1845474243        0.0004738672
       61.2409553528        0.0004711929
       61.2409553528        0.0004711929
       61.2409553528        0.0004711929
       61.2409553528        0.0004711929
       67.9972763062        0.0002629974
       67.9972763062        0.0002629974
       67.9972763062        0.0002629974
       67.9972763062        0.0002629974
       67.9972763062        0.0002629974
       67.9972763062        0.0002629974
       67.9972763062        0.0002629974
       67.9972763062        0.0002629974
       68.8785858154        0.0002464652
       68.8785858154        0.0002464652
       68.8785858154        0.0002464652
       68.8785858154        0.0002464652
       68.8785858154        0.0002464652
       68.8785858154        0.0002464652
       68.8785858154        0.0002464652
       68.8785858154        0.0002464652
       68.8785858154        0.0002464652
       68.8785858154        0.0002464652
       71.2071075439        0.0002095954
       71.2071075439        0.0002095954
       71.2071075439        0.0002095954
       71.2071075439        0.0002095954
       71.2071075439        0.0002095954
       71.2071075439        0.0002095954
       71.2071075439        0.0002095954
       71.2071075439        0.0002095954
       71.2071075439        0.0002095954
       71.2071075439        0.0002095954
       71.2071075439        0.0002095954
       71.2071075439        0.0002095954
       71.2071075439        0.0002095954
       71.2071075439        0.0002095954
       72.4038543701        0.0001937827
       72.4038543701        0.0001937827
       72.4038543701        0.0001937827
       72.4038543701        0.0001937827
       72.8934783936        0.0001878250
       72.8934783936        0.0001878250
       72.8934783936        0.0001878250
       72.8934783936        0.0001878250
       72.8934783936        0.0001878250
       72.8934783936        0.0001878250
       74.5022277832        0.0001700699
       74.5022277832        0.0001700699
       77.8379669189        0.0001404414
       77.8379669189        0.0001404414
       77.8379669189        0.0001404414
       77.8379669189        0.0001404414
       77.8379669189        0.0001404414
       77.8379669189        0.0001404414
       77.8379669189        0.0001404414
       77.8379669189        0.0001404414
       77.8379669189        0.0001404414
       77.8379669189        0.0001404414
       80.3000640869        0.0001232722
       80.3000640869        0.0001232722
       80.3000640869        0.0001232722
       80.3000640869        0.0001232722
       80.3000640869        0.0001232722
       80.3000640869        0.0001232722
       80.3000640869        0.0001232722
       80.3000640869        0.0001232722
       80.3000640869        0.0001232722
       80.3000640869        0.0001232722
       80.3000640869        0.0001232722
       80.3000640869        0.0001232722
       81.5374298096        0.0001158085
       81.5374298096        0.0001158085
       81.5374298096        0.0001158085
       81.5374298096        0.0001158085
       81.5374298096        0.0001158085
       81.5374298096        0.0001158085
       81.5374298096        0.0001158085
       81.5374298096        0.0001158085
       81.5374298096        0.0001158085
       81.5374298096        0.0001158085
       81.5374298096        0.0001158085
       81.5374298096        0.0001158085
       81.5374298096        0.0001158085
       81.5374298096        0.0001158085
       81.5374298096        0.0001158085
       81.5374298096        0.0001158085
       82.5663070679        0.0001101066
       82.5663070679        0.0001101066
       82.5663070679        0.0001101066
       82.5663070679        0.0001101066
       82.5663070679        0.0001101066
       82.5663070679        0.0001101066
       84.1330947876        0.0001021999
       84.1330947876        0.0001021999
       84.1330947876        0.0001021999
       84.1330947876        0.0001021999
       84.1330947876        0.0001021999
       84.1330947876        0.0001021999
       84.1330947876        0.0001021999
       84.1330947876        0.0001021999
       85.3921203613        0.0000964475
       85.3921203613        0.0000964475
       86.0635986328        0.0000935760
       86.0635986328        0.0000935760
       86.0635986328        0.0000935760
       86.0635986328        0.0000935760
       87.6646804810        0.0000872255
       87.6646804810        0.0000872255
       87.6646804810        0.0000872255
       87.6646804810        0.0000872255
       87.6646804810        0.0000872255
       87.6646804810        0.0000872255
       87.6646804810        0.0000872255
       87.6646804810        0.0000872255
       87.6646804810        0.0000872255
       87.6646804810        0.0000872255
       87.6646804810        0.0000872255
       87.6646804810        0.0000872255
       90.8465423584        0.0000763831
       90.8465423584        0.0000763831
       90.8465423584        0.0000763831
       90.8465423584        0.0000763831
       90.8465423584        0.0000763831
       90.8465423584        0.0000763831
       90.8465423584        0.0000763831
       90.8465423584        0.0000763831
       90.8465423584        0.0000763831
       90.8465423584        0.0000763831
       90.8465423584        0.0000763831
       90.8465423584        0.0000763831
       90.8465423584        0.0000763831
       90.8465423584        0.0000763831
       90.8465423584        0.0000763831
       90.8465423584        0.0000763831
       90.8465423584        0.0000763831
       90.8465423584        0.0000763831
       92.0293045044        0.0000728631
       92.0293045044        0.0000728631
       92.0293045044        0.0000728631
       92.0293045044        0.0000728631
       92.0293045044        0.0000728631
       92.0293045044        0.0000728631
       92.0293045044        0.0000728631
       92.0293045044        0.0000728631
       92.0293045044        0.0000728631
       92.0293045044        0.0000728631
       92.0293045044        0.0000728631
       92.0293045044        0.0000728631
       92.0293045044        0.0000728631
       92.0293045044        0.0000728631
       92.3370666504        0.0000719871
       92.3370666504        0.0000719871
       92.3370666504        0.0000719871
       92.3370666504        0.0000719871
       92.3370666504        0.0000719871
       92.3370666504        0.0000719871
       92.3370666504        0.0000719871
       92.3370666504        0.0000719871
       95.3587188721        0.0000641650
       95.3587188721        0.0000641650
       95.3587188721        0.0000641650
       95.3587188721        0.0000641650
       95.3587188721        0.0000641650
       95.3587188721        0.0000641650
       95.3587188721        0.0000641650
       95.3587188721        0.0000641650
       95.3587188721        0.0000641650
       95.3587188721        0.0000641650
       95.5545730591        0.0000637026
       95.5545730591        0.0000637026
       95.5545730591        0.0000637026
       95.5545730591        0.0000637026
       97.2332687378        0.0000599365
       97.2332687378        0.0000599365
       97.2332687378        0.0000599365
       97.2332687378        0.0000599365
       97.2332687378        0.0000599365
       97.2332687378        0.0000599365
       97.6529464722        0.0000590471
       97.6529464722        0.0000590471
       97.7012329102        0.0000589460
       97.7012329102        0.0000589460
       97.7012329102        0.0000589460
       97.7012329102        0.0000589460
       97.7012329102        0.0000589460
       97.7012329102        0.0000589460
       97.7012329102        0.0000589460
       97.7012329102        0.0000589460
       97.7012329102        0.0000589460
       97.7012329102        0.0000589460
       97.7012329102        0.0000589460
       97.7012329102        0.0000589460
       97.7012329102        0.0000589460
       97.7012329102        0.0000589460
      102.7373275757        0.0000496787
      102.7373275757        0.0000496787
      102.7373275757        0.0000496787
      102.7373275757        0.0000496787
      102.7373275757        0.0000496787
      102.7373275757        0.0000496787
      102.7373275757        0.0000496787
      102.7373275757        0.0000496787
      102.7373275757        0.0000496787
      102.7373275757        0.0000496787
      102.7373275757        0.0000496787
      102.7373275757        0.0000496787
      102.7373275757        0.0000496787
      102.7373275757        0.0000496787
      102.7373275757        0.0000496787
      102.7373275757        0.0000496787
      103.1010437012        0.0000490957
      103.1010437012        0.0000490957
      103.1010437012        0.0000490957
      103.1010437012        0.0000490957
      103.1010437012        0.0000490957
      103.1010437012        0.0000490957
      103.1010437012        0.0000490957
      103.1010437012        0.0000490957
      103.1010437012        0.0000490957
      103.1010437012        0.0000490957
      106.7941894531        0.0000437151
      106.7941894531        0.0000437151
      106.7941894531        0.0000437151
      106.7941894531        0.0000437151
      106.7941894531        0.0000437151
      106.7941894531        0.0000437151
      106.7941894531        0.0000437151
      106.7941894531        0.0000437151
      106.7941894531        0.0000437151
      106.7941894531        0.0000437151
      106.7941894531        0.0000437151
      106.7941894531        0.0000437151
      107.0459976196        0.0000433809
      107.0459976196        0.0000433809
      107.0459976196        0.0000433809
      107.0459976196        0.0000433809
      107.0459976196        0.0000433809
      107.0459976196        0.0000433809
      109.3961791992        0.0000404382
      109.3961791992        0.0000404382
      109.3961791992        0.0000404382
      109.3961791992        0.0000404382
      109.3961791992        0.0000404382
      109.3961791992        0.0000404382
      109.3961791992        0.0000404382
      109.3961791992        0.0000404382
      109.5360641479        0.0000402726
      109.5360641479        0.0000402726
      110.5432891846        0.0000391095
      110.5432891846        0.0000391095
      110.5432891846        0.0000391095
      110.5432891846        0.0000391095


 \Delta_{pairing}    1.73205083865613      MeV
       11.2815847397        0.9991657280
       11.2815847397        0.9991657280
       21.2093791962        0.9981387755
       21.2093791962        0.9981387755
       21.2093791962        0.9981387755
       21.2093791962        0.9981387755
       25.2707500458        0.9970800661
       25.2707500458        0.9970800661
       31.4756202698        0.9922948024
       31.4756202698        0.9922948024
       31.4756202698        0.9922948024
       31.4756202698        0.9922948024
       31.4756202698        0.9922948024
       31.4756202698        0.9922948024
       33.8447532654        0.9867818183
       33.8447532654        0.9867818183
       37.3984527588        0.9555534207
       37.3984527588        0.9555534207
       37.3984527588        0.9555534207
       37.3984527588        0.9555534207
       41.3188018799        0.4735850851
       41.3188018799        0.4735850851
       41.3188018799        0.4735850851
       41.3188018799        0.4735850851
       41.3188018799        0.4735850851
       41.3188018799        0.4735850851
       41.3188018799        0.4735850851
       41.3188018799        0.4735850851
       45.8878479004        0.0313182871
       45.8878479004        0.0313182871
       45.8878479004        0.0313182871
       45.8878479004        0.0313182871
       48.4262008667        0.0138720642
       48.4262008667        0.0138720642
       48.4262008667        0.0138720642
       48.4262008667        0.0138720642
       48.4262008667        0.0138720642
       48.4262008667        0.0138720642
       48.9338684082        0.0121686162
       48.9338684082        0.0121686162
       51.4011573792        0.0070918861
       51.4011573792        0.0070918861
       51.4011573792        0.0070918861
       51.4011573792        0.0070918861
       51.4011573792        0.0070918861
       51.4011573792        0.0070918861
       51.4011573792        0.0070918861
       51.4011573792        0.0070918861
       51.4011573792        0.0070918861
       51.4011573792        0.0070918861
       57.2924003601        0.0028808542
       57.2924003601        0.0028808542
       57.2924003601        0.0028808542
       57.2924003601        0.0028808542
       57.2924003601        0.0028808542
       57.2924003601        0.0028808542
       58.5085563660        0.0024925686
       58.5085563660        0.0024925686
       58.5085563660        0.0024925686
       58.5085563660        0.0024925686
       58.5085563660        0.0024925686
       58.5085563660        0.0024925686
       58.5085563660        0.0024925686
       58.5085563660        0.0024925686
       60.7197418213        0.0019622779
       60.7197418213        0.0019622779
       61.1845474243        0.0018724465
       61.1845474243        0.0018724465
       61.1845474243        0.0018724465
       61.1845474243        0.0018724465
       61.1845474243        0.0018724465
       61.1845474243        0.0018724465
       61.1845474243        0.0018724465
       61.1845474243        0.0018724465
       61.1845474243        0.0018724465
       61.1845474243        0.0018724465
       61.1845474243        0.0018724465
       61.1845474243        0.0018724465
       61.2409553528        0.0018619653
       61.2409553528        0.0018619653
       61.2409553528        0.0018619653
       61.2409553528        0.0018619653
       67.9972763062        0.0010432783
       67.9972763062        0.0010432783
       67.9972763062        0.0010432783
       67.9972763062        0.0010432783
       67.9972763062        0.0010432783
       67.9972763062        0.0010432783
       67.9972763062        0.0010432783
       67.9972763062        0.0010432783
       68.8785858154        0.0009780269
       68.8785858154        0.0009780269
       68.8785858154        0.0009780269
       68.8785858154        0.0009780269
       68.8785858154        0.0009780269
       68.8785858154        0.0009780269
       68.8785858154        0.0009780269
       68.8785858154        0.0009780269
       68.8785858154        0.0009780269
       68.8785858154        0.0009780269
       71.2071075439        0.0008323659
       71.2071075439        0.0008323659
       71.2071075439        0.0008323659
       71.2071075439        0.0008323659
       71.2071075439        0.0008323659
       71.2071075439        0.0008323659
       71.2071075439        0.0008323659
       71.2071075439        0.0008323659
       71.2071075439        0.0008323659
       71.2071075439        0.0008323659
       71.2071075439        0.0008323659
       71.2071075439        0.0008323659
       71.2071075439        0.0008323659
       71.2071075439        0.0008323659
       72.4038543701        0.0007698348
       72.4038543701        0.0007698348
       72.4038543701        0.0007698348
       72.4038543701        0.0007698348
       72.8934783936        0.0007462653
       72.8934783936        0.0007462653
       72.8934783936        0.0007462653
       72.8934783936        0.0007462653
       72.8934783936        0.0007462653
       72.8934783936        0.0007462653
       74.5022277832        0.0006759930
       74.5022277832        0.0006759930
       77.8379669189        0.0005586176
       77.8379669189        0.0005586176
       77.8379669189        0.0005586176
       77.8379669189        0.0005586176
       77.8379669189        0.0005586176
       77.8379669189        0.0005586176
       77.8379669189        0.0005586176
       77.8379669189        0.0005586176
       77.8379669189        0.0005586176
       77.8379669189        0.0005586176
       80.3000640869        0.0004905357
       80.3000640869        0.0004905357
       80.3000640869        0.0004905357
       80.3000640869        0.0004905357
       80.3000640869        0.0004905357
       80.3000640869        0.0004905357
       80.3000640869        0.0004905357
       80.3000640869        0.0004905357
       80.3000640869        0.0004905357
       80.3000640869        0.0004905357
       80.3000640869        0.0004905357
       80.3000640869        0.0004905357
       81.5374298096        0.0004609239
       81.5374298096        0.0004609239
       81.5374298096        0.0004609239
       81.5374298096        0.0004609239
       81.5374298096        0.0004609239
       81.5374298096        0.0004609239
       81.5374298096        0.0004609239
       81.5374298096        0.0004609239
       81.5374298096        0.0004609239
       81.5374298096        0.0004609239
       81.5374298096        0.0004609239
       81.5374298096        0.0004609239
       81.5374298096        0.0004609239
       81.5374298096        0.0004609239
       81.5374298096        0.0004609239
       81.5374298096        0.0004609239
       82.5663070679        0.0004382956
       82.5663070679        0.0004382956
       82.5663070679        0.0004382956
       82.5663070679        0.0004382956
       82.5663070679        0.0004382956
       82.5663070679        0.0004382956
       84.1330947876        0.0004069081
       84.1330947876        0.0004069081
       84.1330947876        0.0004069081
       84.1330947876        0.0004069081
       84.1330947876        0.0004069081
       84.1330947876        0.0004069081
       84.1330947876        0.0004069081
       84.1330947876        0.0004069081
       85.3921203613        0.0003840654
       85.3921203613        0.0003840654
       86.0635986328        0.0003726606
       86.0635986328        0.0003726606
       86.0635986328        0.0003726606
       86.0635986328        0.0003726606
       87.6646804810        0.0003474326
       87.6646804810        0.0003474326
       87.6646804810        0.0003474326
       87.6646804810        0.0003474326
       87.6646804810        0.0003474326
       87.6646804810        0.0003474326
       87.6646804810        0.0003474326
       87.6646804810        0.0003474326
       87.6646804810        0.0003474326
       87.6646804810        0.0003474326
       87.6646804810        0.0003474326
       87.6646804810        0.0003474326
       90.8465423584        0.0003043421
       90.8465423584        0.0003043421
       90.8465423584        0.0003043421
       90.8465423584        0.0003043421
       90.8465423584        0.0003043421
       90.8465423584        0.0003043421
       90.8465423584        0.0003043421
       90.8465423584        0.0003043421
       90.8465423584        0.0003043421
       90.8465423584        0.0003043421
       90.8465423584        0.0003043421
       90.8465423584        0.0003043421
       90.8465423584        0.0003043421
       90.8465423584        0.0003043421
       90.8465423584        0.0003043421
       90.8465423584        0.0003043421
       90.8465423584        0.0003043421
       90.8465423584        0.0003043421
       92.0293045044        0.0002903481
       92.0293045044        0.0002903481
       92.0293045044        0.0002903481
       92.0293045044        0.0002903481
       92.0293045044        0.0002903481
       92.0293045044        0.0002903481
       92.0293045044        0.0002903481
       92.0293045044        0.0002903481
       92.0293045044        0.0002903481
       92.0293045044        0.0002903481
       92.0293045044        0.0002903481
       92.0293045044        0.0002903481
       92.0293045044        0.0002903481
       92.0293045044        0.0002903481
       92.3370666504        0.0002868649
       92.3370666504        0.0002868649
       92.3370666504        0.0002868649
       92.3370666504        0.0002868649
       92.3370666504        0.0002868649
       92.3370666504        0.0002868649
       92.3370666504        0.0002868649
       92.3370666504        0.0002868649
       95.3587188721        0.0002557567
       95.3587188721        0.0002557567
       95.3587188721        0.0002557567
       95.3587188721        0.0002557567
       95.3587188721        0.0002557567
       95.3587188721        0.0002557567
       95.3587188721        0.0002557567
       95.3587188721        0.0002557567
       95.3587188721        0.0002557567
       95.3587188721        0.0002557567
       95.5545730591        0.0002539174
       95.5545730591        0.0002539174
       95.5545730591        0.0002539174
       95.5545730591        0.0002539174
       97.2332687378        0.0002389347
       97.2332687378        0.0002389347
       97.2332687378        0.0002389347
       97.2332687378        0.0002389347
       97.2332687378        0.0002389347
       97.2332687378        0.0002389347
       97.6529464722        0.0002353962
       97.6529464722        0.0002353962
       97.7012329102        0.0002349941
       97.7012329102        0.0002349941
       97.7012329102        0.0002349941
       97.7012329102        0.0002349941
       97.7012329102        0.0002349941
       97.7012329102        0.0002349941
       97.7012329102        0.0002349941
       97.7012329102        0.0002349941
       97.7012329102        0.0002349941
       97.7012329102        0.0002349941
       97.7012329102        0.0002349941
       97.7012329102        0.0002349941
       97.7012329102        0.0002349941
       97.7012329102        0.0002349941
      102.7373275757        0.0001981114
      102.7373275757        0.0001981114
      102.7373275757        0.0001981114
      102.7373275757        0.0001981114
      102.7373275757        0.0001981114
      102.7373275757        0.0001981114
      102.7373275757        0.0001981114
      102.7373275757        0.0001981114
      102.7373275757        0.0001981114
      102.7373275757        0.0001981114
      102.7373275757        0.0001981114
      102.7373275757        0.0001981114
      102.7373275757        0.0001981114
      102.7373275757        0.0001981114
      102.7373275757        0.0001981114
      102.7373275757        0.0001981114
      103.1010437012        0.0001957905
      103.1010437012        0.0001957905
      103.1010437012        0.0001957905
      103.1010437012        0.0001957905
      103.1010437012        0.0001957905
      103.1010437012        0.0001957905
      103.1010437012        0.0001957905
      103.1010437012        0.0001957905
      103.1010437012        0.0001957905
      103.1010437012        0.0001957905
      106.7941894531        0.0001743665
      106.7941894531        0.0001743665
      106.7941894531        0.0001743665
      106.7941894531        0.0001743665
      106.7941894531        0.0001743665
      106.7941894531        0.0001743665
      106.7941894531        0.0001743665
      106.7941894531        0.0001743665
      106.7941894531        0.0001743665
      106.7941894531        0.0001743665
      106.7941894531        0.0001743665
      106.7941894531        0.0001743665
      107.0459976196        0.0001730356
      107.0459976196        0.0001730356
      107.0459976196        0.0001730356
      107.0459976196        0.0001730356
      107.0459976196        0.0001730356
      107.0459976196        0.0001730356
      109.3961791992        0.0001613159
      109.3961791992        0.0001613159
      109.3961791992        0.0001613159
      109.3961791992        0.0001613159
      109.3961791992        0.0001613159
      109.3961791992        0.0001613159
      109.3961791992        0.0001613159
      109.3961791992        0.0001613159
      109.5360641479        0.0001606562
      109.5360641479        0.0001606562
      110.5432891846        0.0001560233
      110.5432891846        0.0001560233
      110.5432891846        0.0001560233
      110.5432891846        0.0001560233


 \Delta_{pairing}    2.59807625798419      MeV
       11.2815847397        0.9981059538
       11.2815847397        0.9981059538
       21.2093791962        0.9957656557
       21.2093791962        0.9957656557
       21.2093791962        0.9957656557
       21.2093791962        0.9957656557
       25.2707500458        0.9933535213
       25.2707500458        0.9933535213
       31.4756202698        0.9825337748
       31.4756202698        0.9825337748
       31.4756202698        0.9825337748
       31.4756202698        0.9825337748
       31.4756202698        0.9825337748
       31.4756202698        0.9825337748
       33.8447532654        0.9703226756
       33.8447532654        0.9703226756
       37.3984527588        0.9072337383
       37.3984527588        0.9072337383
       37.3984527588        0.9072337383
       37.3984527588        0.9072337383
       41.3188018799        0.4476910647
       41.3188018799        0.4476910647
       41.3188018799        0.4476910647
       41.3188018799        0.4476910647
       41.3188018799        0.4476910647
       41.3188018799        0.4476910647
       41.3188018799        0.4476910647
       41.3188018799        0.4476910647
       45.8878479004        0.0594100703
       45.8878479004        0.0594100703
       45.8878479004        0.0594100703
       45.8878479004        0.0594100703
       48.4262008667        0.0283670552
       48.4262008667        0.0283670552
       48.4262008667        0.0283670552
       48.4262008667        0.0283670552
       48.4262008667        0.0283670552
       48.4262008667        0.0283670552
       48.9338684082        0.0250946289
       48.9338684082        0.0250946289
       51.4011573792        0.0150298660
       51.4011573792        0.0150298660
       51.4011573792        0.0150298660
       51.4011573792        0.0150298660
       51.4011573792        0.0150298660
       51.4011573792        0.0150298660
       51.4011573792        0.0150298660
       51.4011573792        0.0150298660
       51.4011573792        0.0150298660
       51.4011573792        0.0150298660
       57.2924003601        0.0062729145
       57.2924003601        0.0062729145
       57.2924003601        0.0062729145
       57.2924003601        0.0062729145
       57.2924003601        0.0062729145
       57.2924003601        0.0062729145
       58.5085563660        0.0054433430
       58.5085563660        0.0054433430
       58.5085563660        0.0054433430
       58.5085563660        0.0054433430
       58.5085563660        0.0054433430
       58.5085563660        0.0054433430
       58.5085563660        0.0054433430
       58.5085563660        0.0054433430
       60.7197418213        0.0043034077
       60.7197418213        0.0043034077
       61.1845474243        0.0041094702
       61.1845474243        0.0041094702
       61.1845474243        0.0041094702
       61.1845474243        0.0041094702
       61.1845474243        0.0041094702
       61.1845474243        0.0041094702
       61.1845474243        0.0041094702
       61.1845474243        0.0041094702
       61.1845474243        0.0041094702
       61.1845474243        0.0041094702
       61.1845474243        0.0041094702
       61.1845474243        0.0041094702
       61.2409553528        0.0040868262
       61.2409553528        0.0040868262
       61.2409553528        0.0040868262
       61.2409553528        0.0040868262
       67.9972763062        0.0023070393
       67.9972763062        0.0023070393
       67.9972763062        0.0023070393
       67.9972763062        0.0023070393
       67.9972763062        0.0023070393
       67.9972763062        0.0023070393
       67.9972763062        0.0023070393
       67.9972763062        0.0023070393
       68.8785858154        0.0021641839
       68.8785858154        0.0021641839
       68.8785858154        0.0021641839
       68.8785858154        0.0021641839
       68.8785858154        0.0021641839
       68.8785858154        0.0021641839
       68.8785858154        0.0021641839
       68.8785858154        0.0021641839
       68.8785858154        0.0021641839
       68.8785858154        0.0021641839
       71.2071075439        0.0018447016
       71.2071075439        0.0018447016
       71.2071075439        0.0018447016
       71.2071075439        0.0018447016
       71.2071075439        0.0018447016
       71.2071075439        0.0018447016
       71.2071075439        0.0018447016
       71.2071075439        0.0018447016
       71.2071075439        0.0018447016
       71.2071075439        0.0018447016
       71.2071075439        0.0018447016
       71.2071075439        0.0018447016
       71.2071075439        0.0018447016
       71.2071075439        0.0018447016
       72.4038543701        0.0017072941
       72.4038543701        0.0017072941
       72.4038543701        0.0017072941
       72.4038543701        0.0017072941
       72.8934783936        0.0016554609
       72.8934783936        0.0016554609
       72.8934783936        0.0016554609
       72.8934783936        0.0016554609
       72.8934783936        0.0016554609
       72.8934783936        0.0016554609
       74.5022277832        0.0015007834
       74.5022277832        0.0015007834
       77.8379669189        0.0012419538
       77.8379669189        0.0012419538
       77.8379669189        0.0012419538
       77.8379669189        0.0012419538
       77.8379669189        0.0012419538
       77.8379669189        0.0012419538
       77.8379669189        0.0012419538
       77.8379669189        0.0012419538
       77.8379669189        0.0012419538
       77.8379669189        0.0012419538
       80.3000640869        0.0010915395
       80.3000640869        0.0010915395
       80.3000640869        0.0010915395
       80.3000640869        0.0010915395
       80.3000640869        0.0010915395
       80.3000640869        0.0010915395
       80.3000640869        0.0010915395
       80.3000640869        0.0010915395
       80.3000640869        0.0010915395
       80.3000640869        0.0010915395
       80.3000640869        0.0010915395
       80.3000640869        0.0010915395
       81.5374298096        0.0010260496
       81.5374298096        0.0010260496
       81.5374298096        0.0010260496
       81.5374298096        0.0010260496
       81.5374298096        0.0010260496
       81.5374298096        0.0010260496
       81.5374298096        0.0010260496
       81.5374298096        0.0010260496
       81.5374298096        0.0010260496
       81.5374298096        0.0010260496
       81.5374298096        0.0010260496
       81.5374298096        0.0010260496
       81.5374298096        0.0010260496
       81.5374298096        0.0010260496
       81.5374298096        0.0010260496
       81.5374298096        0.0010260496
       82.5663070679        0.0009759760
       82.5663070679        0.0009759760
       82.5663070679        0.0009759760
       82.5663070679        0.0009759760
       82.5663070679        0.0009759760
       82.5663070679        0.0009759760
       84.1330947876        0.0009064773
       84.1330947876        0.0009064773
       84.1330947876        0.0009064773
       84.1330947876        0.0009064773
       84.1330947876        0.0009064773
       84.1330947876        0.0009064773
       84.1330947876        0.0009064773
       84.1330947876        0.0009064773
       85.3921203613        0.0008558674
       85.3921203613        0.0008558674
       86.0635986328        0.0008305891
       86.0635986328        0.0008305891
       86.0635986328        0.0008305891
       86.0635986328        0.0008305891
       87.6646804810        0.0007746478
       87.6646804810        0.0007746478
       87.6646804810        0.0007746478
       87.6646804810        0.0007746478
       87.6646804810        0.0007746478
       87.6646804810        0.0007746478
       87.6646804810        0.0007746478
       87.6646804810        0.0007746478
       87.6646804810        0.0007746478
       87.6646804810        0.0007746478
       87.6646804810        0.0007746478
       87.6646804810        0.0007746478
       90.8465423584        0.0006790183
       90.8465423584        0.0006790183
       90.8465423584        0.0006790183
       90.8465423584        0.0006790183
       90.8465423584        0.0006790183
       90.8465423584        0.0006790183
       90.8465423584        0.0006790183
       90.8465423584        0.0006790183
       90.8465423584        0.0006790183
       90.8465423584        0.0006790183
       90.8465423584        0.0006790183
       90.8465423584        0.0006790183
       90.8465423584        0.0006790183
       90.8465423584        0.0006790183
       90.8465423584        0.0006790183
       90.8465423584        0.0006790183
       90.8465423584        0.0006790183
       90.8465423584        0.0006790183
       92.0293045044        0.0006479395
       92.0293045044        0.0006479395
       92.0293045044        0.0006479395
       92.0293045044        0.0006479395
       92.0293045044        0.0006479395
       92.0293045044        0.0006479395
       92.0293045044        0.0006479395
       92.0293045044        0.0006479395
       92.0293045044        0.0006479395
       92.0293045044        0.0006479395
       92.0293045044        0.0006479395
       92.0293045044        0.0006479395
       92.0293045044        0.0006479395
       92.0293045044        0.0006479395
       92.3370666504        0.0006402021
       92.3370666504        0.0006402021
       92.3370666504        0.0006402021
       92.3370666504        0.0006402021
       92.3370666504        0.0006402021
       92.3370666504        0.0006402021
       92.3370666504        0.0006402021
       92.3370666504        0.0006402021
       95.3587188721        0.0005710684
       95.3587188721        0.0005710684
       95.3587188721        0.0005710684
       95.3587188721        0.0005710684
       95.3587188721        0.0005710684
       95.3587188721        0.0005710684
       95.3587188721        0.0005710684
       95.3587188721        0.0005710684
       95.3587188721        0.0005710684
       95.3587188721        0.0005710684
       95.5545730591        0.0005669790
       95.5545730591        0.0005669790
       95.5545730591        0.0005669790
       95.5545730591        0.0005669790
       97.2332687378        0.0005336597
       97.2332687378        0.0005336597
       97.2332687378        0.0005336597
       97.2332687378        0.0005336597
       97.2332687378        0.0005336597
       97.2332687378        0.0005336597
       97.6529464722        0.0005257886
       97.6529464722        0.0005257886
       97.7012329102        0.0005248941
       97.7012329102        0.0005248941
       97.7012329102        0.0005248941
       97.7012329102        0.0005248941
       97.7012329102        0.0005248941
       97.7012329102        0.0005248941
       97.7012329102        0.0005248941
       97.7012329102        0.0005248941
       97.7012329102        0.0005248941
       97.7012329102        0.0005248941
       97.7012329102        0.0005248941
       97.7012329102        0.0005248941
       97.7012329102        0.0005248941
       97.7012329102        0.0005248941
      102.7373275757        0.0004428037
      102.7373275757        0.0004428037
      102.7373275757        0.0004428037
      102.7373275757        0.0004428037
      102.7373275757        0.0004428037
      102.7373275757        0.0004428037
      102.7373275757        0.0004428037
      102.7373275757        0.0004428037
      102.7373275757        0.0004428037
      102.7373275757        0.0004428037
      102.7373275757        0.0004428037
      102.7373275757        0.0004428037
      102.7373275757        0.0004428037
      102.7373275757        0.0004428037
      102.7373275757        0.0004428037
      102.7373275757        0.0004428037
      103.1010437012        0.0004376351
      103.1010437012        0.0004376351
      103.1010437012        0.0004376351
      103.1010437012        0.0004376351
      103.1010437012        0.0004376351
      103.1010437012        0.0004376351
      103.1010437012        0.0004376351
      103.1010437012        0.0004376351
      103.1010437012        0.0004376351
      103.1010437012        0.0004376351
      106.7941894531        0.0003899073
      106.7941894531        0.0003899073
      106.7941894531        0.0003899073
      106.7941894531        0.0003899073
      106.7941894531        0.0003899073
      106.7941894531        0.0003899073
      106.7941894531        0.0003899073
      106.7941894531        0.0003899073
      106.7941894531        0.0003899073
      106.7941894531        0.0003899073
      106.7941894531        0.0003899073
      106.7941894531        0.0003899073
      107.0459976196        0.0003869412
      107.0459976196        0.0003869412
      107.0459976196        0.0003869412
      107.0459976196        0.0003869412
      107.0459976196        0.0003869412
      107.0459976196        0.0003869412
      109.3961791992        0.0003608177
      109.3961791992        0.0003608177
      109.3961791992        0.0003608177
      109.3961791992        0.0003608177
      109.3961791992        0.0003608177
      109.3961791992        0.0003608177
      109.3961791992        0.0003608177
      109.3961791992        0.0003608177
      109.5360641479        0.0003593469
      109.5360641479        0.0003593469
      110.5432891846        0.0003490172
      110.5432891846        0.0003490172
      110.5432891846        0.0003490172
      110.5432891846        0.0003490172


 \Delta_{pairing}    5.19615251596838      MeV
       11.2815847397        0.9920101577
       11.2815847397        0.9920101577
       21.2093791962        0.9819100012
       21.2093791962        0.9819100012
       21.2093791962        0.9819100012
       21.2093791962        0.9819100012
       25.2707500458        0.9715119156
       25.2707500458        0.9715119156
       31.4756202698        0.9269061680
       31.4756202698        0.9269061680
       31.4756202698        0.9269061680
       31.4756202698        0.9269061680
       31.4756202698        0.9269061680
       31.4756202698        0.9269061680
       33.8447532654        0.8820101454
       33.8447532654        0.8820101454
       37.3984527588        0.7237015613
       37.3984527588        0.7237015613
       37.3984527588        0.7237015613
       37.3984527588        0.7237015613
       41.3188018799        0.3768145731
       41.3188018799        0.3768145731
       41.3188018799        0.3768145731
       41.3188018799        0.3768145731
       41.3188018799        0.3768145731
       41.3188018799        0.3768145731
       41.3188018799        0.3768145731
       41.3188018799        0.3768145731
       45.8878479004        0.1250540574
       45.8878479004        0.1250540574
       45.8878479004        0.1250540574
       45.8878479004        0.1250540574
       48.4262008667        0.0743853226
       48.4262008667        0.0743853226
       48.4262008667        0.0743853226
       48.4262008667        0.0743853226
       48.4262008667        0.0743853226
       48.4262008667        0.0743853226
       48.9338684082        0.0677637532
       48.9338684082        0.0677637532
       51.4011573792        0.0450101995
       51.4011573792        0.0450101995
       51.4011573792        0.0450101995
       51.4011573792        0.0450101995
       51.4011573792        0.0450101995
       51.4011573792        0.0450101995
       51.4011573792        0.0450101995
       51.4011573792        0.0450101995
       51.4011573792        0.0450101995
       51.4011573792        0.0450101995
       57.2924003601        0.0211463702
       57.2924003601        0.0211463702
       57.2924003601        0.0211463702
       57.2924003601        0.0211463702
       57.2924003601        0.0211463702
       57.2924003601        0.0211463702
       58.5085563660        0.0186070256
       58.5085563660        0.0186070256
       58.5085563660        0.0186070256
       58.5085563660        0.0186070256
       58.5085563660        0.0186070256
       58.5085563660        0.0186070256
       58.5085563660        0.0186070256
       58.5085563660        0.0186070256
       60.7197418213        0.0150152961
       60.7197418213        0.0150152961
       61.1845474243        0.0143915503
       61.1845474243        0.0143915503
       61.1845474243        0.0143915503
       61.1845474243        0.0143915503
       61.1845474243        0.0143915503
       61.1845474243        0.0143915503
       61.1845474243        0.0143915503
       61.1845474243        0.0143915503
       61.1845474243        0.0143915503
       61.1845474243        0.0143915503
       61.1845474243        0.0143915503
       61.1845474243        0.0143915503
       61.2409553528        0.0143184696
       61.2409553528        0.0143184696
       61.2409553528        0.0143184696
       61.2409553528        0.0143184696
       67.9972763062        0.0083938771
       67.9972763062        0.0083938771
       67.9972763062        0.0083938771
       67.9972763062        0.0083938771
       67.9972763062        0.0083938771
       67.9972763062        0.0083938771
       67.9972763062        0.0083938771
       67.9972763062        0.0083938771
       68.8785858154        0.0079012990
       68.8785858154        0.0079012990
       68.8785858154        0.0079012990
       68.8785858154        0.0079012990
       68.8785858154        0.0079012990
       68.8785858154        0.0079012990
       68.8785858154        0.0079012990
       68.8785858154        0.0079012990
       68.8785858154        0.0079012990
       68.8785858154        0.0079012990
       71.2071075439        0.0067892547
       71.2071075439        0.0067892547
       71.2071075439        0.0067892547
       71.2071075439        0.0067892547
       71.2071075439        0.0067892547
       71.2071075439        0.0067892547
       71.2071075439        0.0067892547
       71.2071075439        0.0067892547
       71.2071075439        0.0067892547
       71.2071075439        0.0067892547
       71.2071075439        0.0067892547
       71.2071075439        0.0067892547
       71.2071075439        0.0067892547
       71.2071075439        0.0067892547
       72.4038543701        0.0063063328
       72.4038543701        0.0063063328
       72.4038543701        0.0063063328
       72.4038543701        0.0063063328
       72.8934783936        0.0061234094
       72.8934783936        0.0061234094
       72.8934783936        0.0061234094
       72.8934783936        0.0061234094
       72.8934783936        0.0061234094
       72.8934783936        0.0061234094
       74.5022277832        0.0055750090
       74.5022277832        0.0055750090
       77.8379669189        0.0046484765
       77.8379669189        0.0046484765
       77.8379669189        0.0046484765
       77.8379669189        0.0046484765
       77.8379669189        0.0046484765
       77.8379669189        0.0046484765
       77.8379669189        0.0046484765
       77.8379669189        0.0046484765
       77.8379669189        0.0046484765
       77.8379669189        0.0046484765
       80.3000640869        0.0041046257
       80.3000640869        0.0041046257
       80.3000640869        0.0041046257
       80.3000640869        0.0041046257
       80.3000640869        0.0041046257
       80.3000640869        0.0041046257
       80.3000640869        0.0041046257
       80.3000640869        0.0041046257
       80.3000640869        0.0041046257
       80.3000640869        0.0041046257
       80.3000640869        0.0041046257
       80.3000640869        0.0041046257
       81.5374298096        0.0038665201
       81.5374298096        0.0038665201
       81.5374298096        0.0038665201
       81.5374298096        0.0038665201
       81.5374298096        0.0038665201
       81.5374298096        0.0038665201
       81.5374298096        0.0038665201
       81.5374298096        0.0038665201
       81.5374298096        0.0038665201
       81.5374298096        0.0038665201
       81.5374298096        0.0038665201
       81.5374298096        0.0038665201
       81.5374298096        0.0038665201
       81.5374298096        0.0038665201
       81.5374298096        0.0038665201
       81.5374298096        0.0038665201
       82.5663070679        0.0036839071
       82.5663070679        0.0036839071
       82.5663070679        0.0036839071
       82.5663070679        0.0036839071
       82.5663070679        0.0036839071
       82.5663070679        0.0036839071
       84.1330947876        0.0034296312
       84.1330947876        0.0034296312
       84.1330947876        0.0034296312
       84.1330947876        0.0034296312
       84.1330947876        0.0034296312
       84.1330947876        0.0034296312
       84.1330947876        0.0034296312
       84.1330947876        0.0034296312
       85.3921203613        0.0032438469
       85.3921203613        0.0032438469
       86.0635986328        0.0031508535
       86.0635986328        0.0031508535
       86.0635986328        0.0031508535
       86.0635986328        0.0031508535
       87.6646804810        0.0029445747
       87.6646804810        0.0029445747
       87.6646804810        0.0029445747
       87.6646804810        0.0029445747
       87.6646804810        0.0029445747
       87.6646804810        0.0029445747
       87.6646804810        0.0029445747
       87.6646804810        0.0029445747
       87.6646804810        0.0029445747
       87.6646804810        0.0029445747
       87.6646804810        0.0029445747
       87.6646804810        0.0029445747
       90.8465423584        0.0025903592
       90.8465423584        0.0025903592
       90.8465423584        0.0025903592
       90.8465423584        0.0025903592
       90.8465423584        0.0025903592
       90.8465423584        0.0025903592
       90.8465423584        0.0025903592
       90.8465423584        0.0025903592
       90.8465423584        0.0025903592
       90.8465423584        0.0025903592
       90.8465423584        0.0025903592
       90.8465423584        0.0025903592
       90.8465423584        0.0025903592
       90.8465423584        0.0025903592
       90.8465423584        0.0025903592
       90.8465423584        0.0025903592
       90.8465423584        0.0025903592
       90.8465423584        0.0025903592
       92.0293045044        0.0024747941
       92.0293045044        0.0024747941
       92.0293045044        0.0024747941
       92.0293045044        0.0024747941
       92.0293045044        0.0024747941
       92.0293045044        0.0024747941
       92.0293045044        0.0024747941
       92.0293045044        0.0024747941
       92.0293045044        0.0024747941
       92.0293045044        0.0024747941
       92.0293045044        0.0024747941
       92.0293045044        0.0024747941
       92.0293045044        0.0024747941
       92.0293045044        0.0024747941
       92.3370666504        0.0024459879
       92.3370666504        0.0024459879
       92.3370666504        0.0024459879
       92.3370666504        0.0024459879
       92.3370666504        0.0024459879
       92.3370666504        0.0024459879
       92.3370666504        0.0024459879
       92.3370666504        0.0024459879
       95.3587188721        0.0021879677
       95.3587188721        0.0021879677
       95.3587188721        0.0021879677
       95.3587188721        0.0021879677
       95.3587188721        0.0021879677
       95.3587188721        0.0021879677
       95.3587188721        0.0021879677
       95.3587188721        0.0021879677
       95.3587188721        0.0021879677
       95.3587188721        0.0021879677
       95.5545730591        0.0021726686
       95.5545730591        0.0021726686
       95.5545730591        0.0021726686
       95.5545730591        0.0021726686
       97.2332687378        0.0020478606
       97.2332687378        0.0020478606
       97.2332687378        0.0020478606
       97.2332687378        0.0020478606
       97.2332687378        0.0020478606
       97.2332687378        0.0020478606
       97.6529464722        0.0020183355
       97.6529464722        0.0020183355
       97.7012329102        0.0020149794
       97.7012329102        0.0020149794
       97.7012329102        0.0020149794
       97.7012329102        0.0020149794
       97.7012329102        0.0020149794
       97.7012329102        0.0020149794
       97.7012329102        0.0020149794
       97.7012329102        0.0020149794
       97.7012329102        0.0020149794
       97.7012329102        0.0020149794
       97.7012329102        0.0020149794
       97.7012329102        0.0020149794
       97.7012329102        0.0020149794
       97.7012329102        0.0020149794
      102.7373275757        0.0017060648
      102.7373275757        0.0017060648
      102.7373275757        0.0017060648
      102.7373275757        0.0017060648
      102.7373275757        0.0017060648
      102.7373275757        0.0017060648
      102.7373275757        0.0017060648
      102.7373275757        0.0017060648
      102.7373275757        0.0017060648
      102.7373275757        0.0017060648
      102.7373275757        0.0017060648
      102.7373275757        0.0017060648
      102.7373275757        0.0017060648
      102.7373275757        0.0017060648
      102.7373275757        0.0017060648
      102.7373275757        0.0017060648
      103.1010437012        0.0016865536
      103.1010437012        0.0016865536
      103.1010437012        0.0016865536
      103.1010437012        0.0016865536
      103.1010437012        0.0016865536
      103.1010437012        0.0016865536
      103.1010437012        0.0016865536
      103.1010437012        0.0016865536
      103.1010437012        0.0016865536
      103.1010437012        0.0016865536
      106.7941894531        0.0015060297
      106.7941894531        0.0015060297
      106.7941894531        0.0015060297
      106.7941894531        0.0015060297
      106.7941894531        0.0015060297
      106.7941894531        0.0015060297
      106.7941894531        0.0015060297
      106.7941894531        0.0015060297
      106.7941894531        0.0015060297
      106.7941894531        0.0015060297
      106.7941894531        0.0015060297
      106.7941894531        0.0015060297
      107.0459976196        0.0014947894
      107.0459976196        0.0014947894
      107.0459976196        0.0014947894
      107.0459976196        0.0014947894
      107.0459976196        0.0014947894
      107.0459976196        0.0014947894
      109.3961791992        0.0013956775
      109.3961791992        0.0013956775
      109.3961791992        0.0013956775
      109.3961791992        0.0013956775
      109.3961791992        0.0013956775
      109.3961791992        0.0013956775
      109.3961791992        0.0013956775
      109.3961791992        0.0013956775
      109.5360641479        0.0013900914
      109.5360641479        0.0013900914
      110.5432891846        0.0013508397
      110.5432891846        0.0013508397
      110.5432891846        0.0013508397
      110.5432891846        0.0013508397


 \Delta_{pairing}    10.3923050319368      MeV
       11.2815847397        0.9645735993
       11.2815847397        0.9645735993
       21.2093791962        0.9207724101
       21.2093791962        0.9207724101
       21.2093791962        0.9207724101
       21.2093791962        0.9207724101
       25.2707500458        0.8796839257
       25.2707500458        0.8796839257
       31.4756202698        0.7476036534
       31.4756202698        0.7476036534
       31.4756202698        0.7476036534
       31.4756202698        0.7476036534
       31.4756202698        0.7476036534
       31.4756202698        0.7476036534
       33.8447532654        0.6618147487
       33.8447532654        0.6618147487
       37.3984527588        0.5000408446
       37.3984527588        0.5000408446
       37.3984527588        0.5000408446
       37.3984527588        0.5000408446
       41.3188018799        0.3235550887
       41.3188018799        0.3235550887
       41.3188018799        0.3235550887
       41.3188018799        0.3235550887
       41.3188018799        0.3235550887
       41.3188018799        0.3235550887
       41.3188018799        0.3235550887
       41.3188018799        0.3235550887
       45.8878479004        0.1836992505
       45.8878479004        0.1836992505
       45.8878479004        0.1836992505
       45.8878479004        0.1836992505
       48.4262008667        0.1361314246
       48.4262008667        0.1361314246
       48.4262008667        0.1361314246
       48.4262008667        0.1361314246
       48.4262008667        0.1361314246
       48.4262008667        0.1361314246
       48.9338684082        0.1285322502
       48.9338684082        0.1285322502
       51.4011573792        0.0985035653
       51.4011573792        0.0985035653
       51.4011573792        0.0985035653
       51.4011573792        0.0985035653
       51.4011573792        0.0985035653
       51.4011573792        0.0985035653
       51.4011573792        0.0985035653
       51.4011573792        0.0985035653
       51.4011573792        0.0985035653
       51.4011573792        0.0985035653
       57.2924003601        0.0568291217
       57.2924003601        0.0568291217
       57.2924003601        0.0568291217
       57.2924003601        0.0568291217
       57.2924003601        0.0568291217
       57.2924003601        0.0568291217
       58.5085563660        0.0514151384
       58.5085563660        0.0514151384
       58.5085563660        0.0514151384
       58.5085563660        0.0514151384
       58.5085563660        0.0514151384
       58.5085563660        0.0514151384
       58.5085563660        0.0514151384
       58.5085563660        0.0514151384
       60.7197418213        0.0432955254
       60.7197418213        0.0432955254
       61.1845474243        0.0418241949
       61.1845474243        0.0418241949
       61.1845474243        0.0418241949
       61.1845474243        0.0418241949
       61.1845474243        0.0418241949
       61.1845474243        0.0418241949
       61.1845474243        0.0418241949
       61.1845474243        0.0418241949
       61.1845474243        0.0418241949
       61.1845474243        0.0418241949
       61.1845474243        0.0418241949
       61.1845474243        0.0418241949
       61.2409553528        0.0416505342
       61.2409553528        0.0416505342
       61.2409553528        0.0416505342
       61.2409553528        0.0416505342
       67.9972763062        0.0265617502
       67.9972763062        0.0265617502
       67.9972763062        0.0265617502
       67.9972763062        0.0265617502
       67.9972763062        0.0265617502
       67.9972763062        0.0265617502
       67.9972763062        0.0265617502
       67.9972763062        0.0265617502
       68.8785858154        0.0252042670
       68.8785858154        0.0252042670
       68.8785858154        0.0252042670
       68.8785858154        0.0252042670
       68.8785858154        0.0252042670
       68.8785858154        0.0252042670
       68.8785858154        0.0252042670
       68.8785858154        0.0252042670
       68.8785858154        0.0252042670
       68.8785858154        0.0252042670
       71.2071075439        0.0220703934
       71.2071075439        0.0220703934
       71.2071075439        0.0220703934
       71.2071075439        0.0220703934
       71.2071075439        0.0220703934
       71.2071075439        0.0220703934
       71.2071075439        0.0220703934
       71.2071075439        0.0220703934
       71.2071075439        0.0220703934
       71.2071075439        0.0220703934
       71.2071075439        0.0220703934
       71.2071075439        0.0220703934
       71.2071075439        0.0220703934
       71.2071075439        0.0220703934
       72.4038543701        0.0206777940
       72.4038543701        0.0206777940
       72.4038543701        0.0206777940
       72.4038543701        0.0206777940
       72.8934783936        0.0201450227
       72.8934783936        0.0201450227
       72.8934783936        0.0201450227
       72.8934783936        0.0201450227
       72.8934783936        0.0201450227
       72.8934783936        0.0201450227
       74.5022277832        0.0185297364
       74.5022277832        0.0185297364
       77.8379669189        0.0157356052
       77.8379669189        0.0157356052
       77.8379669189        0.0157356052
       77.8379669189        0.0157356052
       77.8379669189        0.0157356052
       77.8379669189        0.0157356052
       77.8379669189        0.0157356052
       77.8379669189        0.0157356052
       77.8379669189        0.0157356052
       77.8379669189        0.0157356052
       80.3000640869        0.0140545177
       80.3000640869        0.0140545177
       80.3000640869        0.0140545177
       80.3000640869        0.0140545177
       80.3000640869        0.0140545177
       80.3000640869        0.0140545177
       80.3000640869        0.0140545177
       80.3000640869        0.0140545177
       80.3000640869        0.0140545177
       80.3000640869        0.0140545177
       80.3000640869        0.0140545177
       80.3000640869        0.0140545177
       81.5374298096        0.0133082933
       81.5374298096        0.0133082933
       81.5374298096        0.0133082933
       81.5374298096        0.0133082933
       81.5374298096        0.0133082933
       81.5374298096        0.0133082933
       81.5374298096        0.0133082933
       81.5374298096        0.0133082933
       81.5374298096        0.0133082933
       81.5374298096        0.0133082933
       81.5374298096        0.0133082933
       81.5374298096        0.0133082933
       81.5374298096        0.0133082933
       81.5374298096        0.0133082933
       81.5374298096        0.0133082933
       81.5374298096        0.0133082933
       82.5663070679        0.0127315845
       82.5663070679        0.0127315845
       82.5663070679        0.0127315845
       82.5663070679        0.0127315845
       82.5663070679        0.0127315845
       82.5663070679        0.0127315845
       84.1330947876        0.0119219954
       84.1330947876        0.0119219954
       84.1330947876        0.0119219954
       84.1330947876        0.0119219954
       84.1330947876        0.0119219954
       84.1330947876        0.0119219954
       84.1330947876        0.0119219954
       84.1330947876        0.0119219954
       85.3921203613        0.0113254973
       85.3921203613        0.0113254973
       86.0635986328        0.0110253011
       86.0635986328        0.0110253011
       86.0635986328        0.0110253011
       86.0635986328        0.0110253011
       87.6646804810        0.0103554382
       87.6646804810        0.0103554382
       87.6646804810        0.0103554382
       87.6646804810        0.0103554382
       87.6646804810        0.0103554382
       87.6646804810        0.0103554382
       87.6646804810        0.0103554382
       87.6646804810        0.0103554382
       87.6646804810        0.0103554382
       87.6646804810        0.0103554382
       87.6646804810        0.0103554382
       87.6646804810        0.0103554382
       90.8465423584        0.0091919370
       90.8465423584        0.0091919370
       90.8465423584        0.0091919370
       90.8465423584        0.0091919370
       90.8465423584        0.0091919370
       90.8465423584        0.0091919370
       90.8465423584        0.0091919370
       90.8465423584        0.0091919370
       90.8465423584        0.0091919370
       90.8465423584        0.0091919370
       90.8465423584        0.0091919370
       90.8465423584        0.0091919370
       90.8465423584        0.0091919370
       90.8465423584        0.0091919370
       90.8465423584        0.0091919370
       90.8465423584        0.0091919370
       90.8465423584        0.0091919370
       90.8465423584        0.0091919370
       92.0293045044        0.0088085688
       92.0293045044        0.0088085688
       92.0293045044        0.0088085688
       92.0293045044        0.0088085688
       92.0293045044        0.0088085688
       92.0293045044        0.0088085688
       92.0293045044        0.0088085688
       92.0293045044        0.0088085688
       92.0293045044        0.0088085688
       92.0293045044        0.0088085688
       92.0293045044        0.0088085688
       92.0293045044        0.0088085688
       92.0293045044        0.0088085688
       92.0293045044        0.0088085688
       92.3370666504        0.0087127111
       92.3370666504        0.0087127111
       92.3370666504        0.0087127111
       92.3370666504        0.0087127111
       92.3370666504        0.0087127111
       92.3370666504        0.0087127111
       92.3370666504        0.0087127111
       92.3370666504        0.0087127111
       95.3587188721        0.0078486539
       95.3587188721        0.0078486539
       95.3587188721        0.0078486539
       95.3587188721        0.0078486539
       95.3587188721        0.0078486539
       95.3587188721        0.0078486539
       95.3587188721        0.0078486539
       95.3587188721        0.0078486539
       95.3587188721        0.0078486539
       95.3587188721        0.0078486539
       95.5545730591        0.0077971059
       95.5545730591        0.0077971059
       95.5545730591        0.0077971059
       95.5545730591        0.0077971059
       97.2332687378        0.0073752298
       97.2332687378        0.0073752298
       97.2332687378        0.0073752298
       97.2332687378        0.0073752298
       97.2332687378        0.0073752298
       97.2332687378        0.0073752298
       97.6529464722        0.0072750715
       97.6529464722        0.0072750715
       97.7012329102        0.0072636778
       97.7012329102        0.0072636778
       97.7012329102        0.0072636778
       97.7012329102        0.0072636778
       97.7012329102        0.0072636778
       97.7012329102        0.0072636778
       97.7012329102        0.0072636778
       97.7012329102        0.0072636778
       97.7012329102        0.0072636778
       97.7012329102        0.0072636778
       97.7012329102        0.0072636778
       97.7012329102        0.0072636778
       97.7012329102        0.0072636778
       97.7012329102        0.0072636778
      102.7373275757        0.0062070552
      102.7373275757        0.0062070552
      102.7373275757        0.0062070552
      102.7373275757        0.0062070552
      102.7373275757        0.0062070552
      102.7373275757        0.0062070552
      102.7373275757        0.0062070552
      102.7373275757        0.0062070552
      102.7373275757        0.0062070552
      102.7373275757        0.0062070552
      102.7373275757        0.0062070552
      102.7373275757        0.0062070552
      102.7373275757        0.0062070552
      102.7373275757        0.0062070552
      102.7373275757        0.0062070552
      102.7373275757        0.0062070552
      103.1010437012        0.0061397797
      103.1010437012        0.0061397797
      103.1010437012        0.0061397797
      103.1010437012        0.0061397797
      103.1010437012        0.0061397797
      103.1010437012        0.0061397797
      103.1010437012        0.0061397797
      103.1010437012        0.0061397797
      103.1010437012        0.0061397797
      103.1010437012        0.0061397797
      106.7941894531        0.0055141421
      106.7941894531        0.0055141421
      106.7941894531        0.0055141421
      106.7941894531        0.0055141421
      106.7941894531        0.0055141421
      106.7941894531        0.0055141421
      106.7941894531        0.0055141421
      106.7941894531        0.0055141421
      106.7941894531        0.0055141421
      106.7941894531        0.0055141421
      106.7941894531        0.0055141421
      106.7941894531        0.0055141421
      107.0459976196        0.0054749927
      107.0459976196        0.0054749927
      107.0459976196        0.0054749927
      107.0459976196        0.0054749927
      107.0459976196        0.0054749927
      107.0459976196        0.0054749927
      109.3961791992        0.0051287789
      109.3961791992        0.0051287789
      109.3961791992        0.0051287789
      109.3961791992        0.0051287789
      109.3961791992        0.0051287789
      109.3961791992        0.0051287789
      109.3961791992        0.0051287789
      109.3961791992        0.0051287789
      109.5360641479        0.0051092107
      109.5360641479        0.0051092107
      110.5432891846        0.0049715445
      110.5432891846        0.0049715445
      110.5432891846        0.0049715445
      110.5432891846        0.0049715445


 \Delta_{pairing}    20.7846100638735      MeV
       11.2815847397        0.8912337176
       11.2815847397        0.8912337176
       21.2093791962        0.8072553795
       21.2093791962        0.8072553795
       21.2093791962        0.8072553795
       21.2093791962        0.8072553795
       25.2707500458        0.7520005544
       25.2707500458        0.7520005544
       31.4756202698        0.6370444354
       31.4756202698        0.6370444354
       31.4756202698        0.6370444354
       31.4756202698        0.6370444354
       31.4756202698        0.6370444354
       31.4756202698        0.6370444354
       33.8447532654        0.5842854676
       33.8447532654        0.5842854676
       37.3984527588        0.5000204223
       37.3984527588        0.5000204223
       37.3984527588        0.5000204223
       37.3984527588        0.5000204223
       41.3188018799        0.4073445635
       41.3188018799        0.4073445635
       41.3188018799        0.4073445635
       41.3188018799        0.4073445635
       41.3188018799        0.4073445635
       41.3188018799        0.4073445635
       41.3188018799        0.4073445635
       41.3188018799        0.4073445635
       45.8878479004        0.3109554457
       45.8878479004        0.3109554457
       45.8878479004        0.3109554457
       45.8878479004        0.3109554457
       48.4262008667        0.2656697798
       48.4262008667        0.2656697798
       48.4262008667        0.2656697798
       48.4262008667        0.2656697798
       48.4262008667        0.2656697798
       48.4262008667        0.2656697798
       48.9338684082        0.2573784947
       48.9338684082        0.2573784947
       51.4011573792        0.2206441261
       51.4011573792        0.2206441261
       51.4011573792        0.2206441261
       51.4011573792        0.2206441261
       51.4011573792        0.2206441261
       51.4011573792        0.2206441261
       51.4011573792        0.2206441261
       51.4011573792        0.2206441261
       51.4011573792        0.2206441261
       51.4011573792        0.2206441261
       57.2924003601        0.1542782689
       57.2924003601        0.1542782689
       57.2924003601        0.1542782689
       57.2924003601        0.1542782689
       57.2924003601        0.1542782689
       57.2924003601        0.1542782689
       58.5085563660        0.1437175451
       58.5085563660        0.1437175451
       58.5085563660        0.1437175451
       58.5085563660        0.1437175451
       58.5085563660        0.1437175451
       58.5085563660        0.1437175451
       58.5085563660        0.1437175451
       58.5085563660        0.1437175451
       60.7197418213        0.1267354171
       60.7197418213        0.1267354171
       61.1845474243        0.1234961638
       61.1845474243        0.1234961638
       61.1845474243        0.1234961638
       61.1845474243        0.1234961638
       61.1845474243        0.1234961638
       61.1845474243        0.1234961638
       61.1845474243        0.1234961638
       61.1845474243        0.1234961638
       61.1845474243        0.1234961638
       61.1845474243        0.1234961638
       61.1845474243        0.1234961638
       61.1845474243        0.1234961638
       61.2409553528        0.1231103360
       61.2409553528        0.1231103360
       61.2409553528        0.1231103360
       61.2409553528        0.1231103360
       67.9972763062        0.0863984408
       67.9972763062        0.0863984408
       67.9972763062        0.0863984408
       67.9972763062        0.0863984408
       67.9972763062        0.0863984408
       67.9972763062        0.0863984408
       67.9972763062        0.0863984408
       67.9972763062        0.0863984408
       68.8785858154        0.0827457757
       68.8785858154        0.0827457757
       68.8785858154        0.0827457757
       68.8785858154        0.0827457757
       68.8785858154        0.0827457757
       68.8785858154        0.0827457757
       68.8785858154        0.0827457757
       68.8785858154        0.0827457757
       68.8785858154        0.0827457757
       68.8785858154        0.0827457757
       71.2071075439        0.0740573220
       71.2071075439        0.0740573220
       71.2071075439        0.0740573220
       71.2071075439        0.0740573220
       71.2071075439        0.0740573220
       71.2071075439        0.0740573220
       71.2071075439        0.0740573220
       71.2071075439        0.0740573220
       71.2071075439        0.0740573220
       71.2071075439        0.0740573220
       71.2071075439        0.0740573220
       71.2071075439        0.0740573220
       71.2071075439        0.0740573220
       71.2071075439        0.0740573220
       72.4038543701        0.0700761700
       72.4038543701        0.0700761700
       72.4038543701        0.0700761700
       72.4038543701        0.0700761700
       72.8934783936        0.0685326832
       72.8934783936        0.0685326832
       72.8934783936        0.0685326832
       72.8934783936        0.0685326832
       72.8934783936        0.0685326832
       72.8934783936        0.0685326832
       74.5022277832        0.0637819382
       74.5022277832        0.0637819382
       77.8379669189        0.0553005724
       77.8379669189        0.0553005724
       77.8379669189        0.0553005724
       77.8379669189        0.0553005724
       77.8379669189        0.0553005724
       77.8379669189        0.0553005724
       77.8379669189        0.0553005724
       77.8379669189        0.0553005724
       77.8379669189        0.0553005724
       77.8379669189        0.0553005724
       80.3000640869        0.0500280765
       80.3000640869        0.0500280765
       80.3000640869        0.0500280765
       80.3000640869        0.0500280765
       80.3000640869        0.0500280765
       80.3000640869        0.0500280765
       80.3000640869        0.0500280765
       80.3000640869        0.0500280765
       80.3000640869        0.0500280765
       80.3000640869        0.0500280765
       80.3000640869        0.0500280765
       80.3000640869        0.0500280765
       81.5374298096        0.0476448614
       81.5374298096        0.0476448614
       81.5374298096        0.0476448614
       81.5374298096        0.0476448614
       81.5374298096        0.0476448614
       81.5374298096        0.0476448614
       81.5374298096        0.0476448614
       81.5374298096        0.0476448614
       81.5374298096        0.0476448614
       81.5374298096        0.0476448614
       81.5374298096        0.0476448614
       81.5374298096        0.0476448614
       81.5374298096        0.0476448614
       81.5374298096        0.0476448614
       81.5374298096        0.0476448614
       81.5374298096        0.0476448614
       82.5663070679        0.0457845115
       82.5663070679        0.0457845115
       82.5663070679        0.0457845115
       82.5663070679        0.0457845115
       82.5663070679        0.0457845115
       82.5663070679        0.0457845115
       84.1330947876        0.0431451616
       84.1330947876        0.0431451616
       84.1330947876        0.0431451616
       84.1330947876        0.0431451616
       84.1330947876        0.0431451616
       84.1330947876        0.0431451616
       84.1330947876        0.0431451616
       84.1330947876        0.0431451616
       85.3921203613        0.0411793745
       85.3921203613        0.0411793745
       86.0635986328        0.0401831721
       86.0635986328        0.0401831721
       86.0635986328        0.0401831721
       86.0635986328        0.0401831721
       87.6646804810        0.0379433481
       87.6646804810        0.0379433481
       87.6646804810        0.0379433481
       87.6646804810        0.0379433481
       87.6646804810        0.0379433481
       87.6646804810        0.0379433481
       87.6646804810        0.0379433481
       87.6646804810        0.0379433481
       87.6646804810        0.0379433481
       87.6646804810        0.0379433481
       87.6646804810        0.0379433481
       87.6646804810        0.0379433481
       90.8465423584        0.0339964037
       90.8465423584        0.0339964037
       90.8465423584        0.0339964037
       90.8465423584        0.0339964037
       90.8465423584        0.0339964037
       90.8465423584        0.0339964037
       90.8465423584        0.0339964037
       90.8465423584        0.0339964037
       90.8465423584        0.0339964037
       90.8465423584        0.0339964037
       90.8465423584        0.0339964037
       90.8465423584        0.0339964037
       90.8465423584        0.0339964037
       90.8465423584        0.0339964037
       90.8465423584        0.0339964037
       90.8465423584        0.0339964037
       90.8465423584        0.0339964037
       90.8465423584        0.0339964037
       92.0293045044        0.0326798529
       92.0293045044        0.0326798529
       92.0293045044        0.0326798529
       92.0293045044        0.0326798529
       92.0293045044        0.0326798529
       92.0293045044        0.0326798529
       92.0293045044        0.0326798529
       92.0293045044        0.0326798529
       92.0293045044        0.0326798529
       92.0293045044        0.0326798529
       92.0293045044        0.0326798529
       92.0293045044        0.0326798529
       92.0293045044        0.0326798529
       92.0293045044        0.0326798529
       92.3370666504        0.0323493987
       92.3370666504        0.0323493987
       92.3370666504        0.0323493987
       92.3370666504        0.0323493987
       92.3370666504        0.0323493987
       92.3370666504        0.0323493987
       92.3370666504        0.0323493987
       92.3370666504        0.0323493987
       95.3587188721        0.0293475984
       95.3587188721        0.0293475984
       95.3587188721        0.0293475984
       95.3587188721        0.0293475984
       95.3587188721        0.0293475984
       95.3587188721        0.0293475984
       95.3587188721        0.0293475984
       95.3587188721        0.0293475984
       95.3587188721        0.0293475984
       95.3587188721        0.0293475984
       95.5545730591        0.0291671895
       95.5545730591        0.0291671895
       95.5545730591        0.0291671895
       95.5545730591        0.0291671895
       97.2332687378        0.0276850076
       97.2332687378        0.0276850076
       97.2332687378        0.0276850076
       97.2332687378        0.0276850076
       97.2332687378        0.0276850076
       97.2332687378        0.0276850076
       97.6529464722        0.0273316227
       97.6529464722        0.0273316227
       97.7012329102        0.0272913860
       97.7012329102        0.0272913860
       97.7012329102        0.0272913860
       97.7012329102        0.0272913860
       97.7012329102        0.0272913860
       97.7012329102        0.0272913860
       97.7012329102        0.0272913860
       97.7012329102        0.0272913860
       97.7012329102        0.0272913860
       97.7012329102        0.0272913860
       97.7012329102        0.0272913860
       97.7012329102        0.0272913860
       97.7012329102        0.0272913860
       97.7012329102        0.0272913860
      102.7373275757        0.0235270779
      102.7373275757        0.0235270779
      102.7373275757        0.0235270779
      102.7373275757        0.0235270779
      102.7373275757        0.0235270779
      102.7373275757        0.0235270779
      102.7373275757        0.0235270779
      102.7373275757        0.0235270779
      102.7373275757        0.0235270779
      102.7373275757        0.0235270779
      102.7373275757        0.0235270779
      102.7373275757        0.0235270779
      102.7373275757        0.0235270779
      102.7373275757        0.0235270779
      102.7373275757        0.0235270779
      102.7373275757        0.0235270779
      103.1010437012        0.0232851762
      103.1010437012        0.0232851762
      103.1010437012        0.0232851762
      103.1010437012        0.0232851762
      103.1010437012        0.0232851762
      103.1010437012        0.0232851762
      103.1010437012        0.0232851762
      103.1010437012        0.0232851762
      103.1010437012        0.0232851762
      103.1010437012        0.0232851762
      106.7941894531        0.0210225890
      106.7941894531        0.0210225890
      106.7941894531        0.0210225890
      106.7941894531        0.0210225890
      106.7941894531        0.0210225890
      106.7941894531        0.0210225890
      106.7941894531        0.0210225890
      106.7941894531        0.0210225890
      106.7941894531        0.0210225890
      106.7941894531        0.0210225890
      106.7941894531        0.0210225890
      106.7941894531        0.0210225890
      107.0459976196        0.0208802215
      107.0459976196        0.0208802215
      107.0459976196        0.0208802215
      107.0459976196        0.0208802215
      107.0459976196        0.0208802215
      107.0459976196        0.0208802215
      109.3961791992        0.0196171419
      109.3961791992        0.0196171419
      109.3961791992        0.0196171419
      109.3961791992        0.0196171419
      109.3961791992        0.0196171419
      109.3961791992        0.0196171419
      109.3961791992        0.0196171419
      109.3961791992        0.0196171419
      109.5360641479        0.0195455327
      109.5360641479        0.0195455327
      110.5432891846        0.0190410828
      110.5432891846        0.0190410828
      110.5432891846        0.0190410828
      110.5432891846        0.0190410828


 \Delta_{pairing}    41.5692201277470      MeV
       11.2815847397        0.7660017614
       11.2815847397        0.7660017614
       21.2093791962        0.6814578808
       21.2093791962        0.6814578808
       21.2093791962        0.6814578808
       21.2093791962        0.6814578808
       25.2707500458        0.6400446485
       25.2707500458        0.6400446485
       31.4756202698        0.5705382125
       31.4756202698        0.5705382125
       31.4756202698        0.5705382125
       31.4756202698        0.5705382125
       31.4756202698        0.5705382125
       31.4756202698        0.5705382125
       33.8447532654        0.5425991173
       33.8447532654        0.5425991173
       37.3984527588        0.5000102112
       37.3984527588        0.5000102112
       37.3984527588        0.5000102112
       37.3984527588        0.5000102112
       41.3188018799        0.4530639176
       41.3188018799        0.4530639176
       41.3188018799        0.4530639176
       41.3188018799        0.4530639176
       41.3188018799        0.4530639176
       41.3188018799        0.4530639176
       41.3188018799        0.4530639176
       41.3188018799        0.4530639176
       45.8878479004        0.3999630653
       45.8878479004        0.3999630653
       45.8878479004        0.3999630653
       45.8878479004        0.3999630653
       48.4262008667        0.3718007832
       48.4262008667        0.3718007832
       48.4262008667        0.3718007832
       48.4262008667        0.3718007832
       48.4262008667        0.3718007832
       48.4262008667        0.3718007832
       48.9338684082        0.3663119152
       48.9338684082        0.3663119152
       51.4011573792        0.3403947415
       51.4011573792        0.3403947415
       51.4011573792        0.3403947415
       51.4011573792        0.3403947415
       51.4011573792        0.3403947415
       51.4011573792        0.3403947415
       51.4011573792        0.3403947415
       51.4011573792        0.3403947415
       51.4011573792        0.3403947415
       51.4011573792        0.3403947415
       57.2924003601        0.2841648199
       57.2924003601        0.2841648199
       57.2924003601        0.2841648199
       57.2924003601        0.2841648199
       57.2924003601        0.2841648199
       57.2924003601        0.2841648199
       58.5085563660        0.2736121987
       58.5085563660        0.2736121987
       58.5085563660        0.2736121987
       58.5085563660        0.2736121987
       58.5085563660        0.2736121987
       58.5085563660        0.2736121987
       58.5085563660        0.2736121987
       58.5085563660        0.2736121987
       60.7197418213        0.2553655642
       60.7197418213        0.2553655642
       61.1845474243        0.2516834051
       61.1845474243        0.2516834051
       61.1845474243        0.2516834051
       61.1845474243        0.2516834051
       61.1845474243        0.2516834051
       61.1845474243        0.2516834051
       61.1845474243        0.2516834051
       61.1845474243        0.2516834051
       61.1845474243        0.2516834051
       61.1845474243        0.2516834051
       61.1845474243        0.2516834051
       61.1845474243        0.2516834051
       61.2409553528        0.2512401466
       61.2409553528        0.2512401466
       61.2409553528        0.2512401466
       61.2409553528        0.2512401466
       67.9972763062        0.2036012765
       67.9972763062        0.2036012765
       67.9972763062        0.2036012765
       67.9972763062        0.2036012765
       67.9972763062        0.2036012765
       67.9972763062        0.2036012765
       67.9972763062        0.2036012765
       67.9972763062        0.2036012765
       68.8785858154        0.1981476167
       68.8785858154        0.1981476167
       68.8785858154        0.1981476167
       68.8785858154        0.1981476167
       68.8785858154        0.1981476167
       68.8785858154        0.1981476167
       68.8785858154        0.1981476167
       68.8785858154        0.1981476167
       68.8785858154        0.1981476167
       68.8785858154        0.1981476167
       71.2071075439        0.1845192757
       71.2071075439        0.1845192757
       71.2071075439        0.1845192757
       71.2071075439        0.1845192757
       71.2071075439        0.1845192757
       71.2071075439        0.1845192757
       71.2071075439        0.1845192757
       71.2071075439        0.1845192757
       71.2071075439        0.1845192757
       71.2071075439        0.1845192757
       71.2071075439        0.1845192757
       71.2071075439        0.1845192757
       71.2071075439        0.1845192757
       71.2071075439        0.1845192757
       72.4038543701        0.1779380830
       72.4038543701        0.1779380830
       72.4038543701        0.1779380830
       72.4038543701        0.1779380830
       72.8934783936        0.1753251214
       72.8934783936        0.1753251214
       72.8934783936        0.1753251214
       72.8934783936        0.1753251214
       72.8934783936        0.1753251214
       72.8934783936        0.1753251214
       74.5022277832        0.1670542792
       74.5022277832        0.1670542792
       77.8379669189        0.1513538003
       77.8379669189        0.1513538003
       77.8379669189        0.1513538003
       77.8379669189        0.1513538003
       77.8379669189        0.1513538003
       77.8379669189        0.1513538003
       77.8379669189        0.1513538003
       77.8379669189        0.1513538003
       77.8379669189        0.1513538003
       77.8379669189        0.1513538003
       80.3000640869        0.1409179828
       80.3000640869        0.1409179828
       80.3000640869        0.1409179828
       80.3000640869        0.1409179828
       80.3000640869        0.1409179828
       80.3000640869        0.1409179828
       80.3000640869        0.1409179828
       80.3000640869        0.1409179828
       80.3000640869        0.1409179828
       80.3000640869        0.1409179828
       80.3000640869        0.1409179828
       80.3000640869        0.1409179828
       81.5374298096        0.1360130098
       81.5374298096        0.1360130098
       81.5374298096        0.1360130098
       81.5374298096        0.1360130098
       81.5374298096        0.1360130098
       81.5374298096        0.1360130098
       81.5374298096        0.1360130098
       81.5374298096        0.1360130098
       81.5374298096        0.1360130098
       81.5374298096        0.1360130098
       81.5374298096        0.1360130098
       81.5374298096        0.1360130098
       81.5374298096        0.1360130098
       81.5374298096        0.1360130098
       81.5374298096        0.1360130098
       81.5374298096        0.1360130098
       82.5663070679        0.1320977136
       82.5663070679        0.1320977136
       82.5663070679        0.1320977136
       82.5663070679        0.1320977136
       82.5663070679        0.1320977136
       82.5663070679        0.1320977136
       84.1330947876        0.1264067875
       84.1330947876        0.1264067875
       84.1330947876        0.1264067875
       84.1330947876        0.1264067875
       84.1330947876        0.1264067875
       84.1330947876        0.1264067875
       84.1330947876        0.1264067875
       84.1330947876        0.1264067875
       85.3921203613        0.1220597677
       85.3921203613        0.1220597677
       86.0635986328        0.1198201049
       86.0635986328        0.1198201049
       86.0635986328        0.1198201049
       86.0635986328        0.1198201049
       87.6646804810        0.1146909860
       87.6646804810        0.1146909860
       87.6646804810        0.1146909860
       87.6646804810        0.1146909860
       87.6646804810        0.1146909860
       87.6646804810        0.1146909860
       87.6646804810        0.1146909860
       87.6646804810        0.1146909860
       87.6646804810        0.1146909860
       87.6646804810        0.1146909860
       87.6646804810        0.1146909860
       87.6646804810        0.1146909860
       90.8465423584        0.1053208282
       90.8465423584        0.1053208282
       90.8465423584        0.1053208282
       90.8465423584        0.1053208282
       90.8465423584        0.1053208282
       90.8465423584        0.1053208282
       90.8465423584        0.1053208282
       90.8465423584        0.1053208282
       90.8465423584        0.1053208282
       90.8465423584        0.1053208282
       90.8465423584        0.1053208282
       90.8465423584        0.1053208282
       90.8465423584        0.1053208282
       90.8465423584        0.1053208282
       90.8465423584        0.1053208282
       90.8465423584        0.1053208282
       90.8465423584        0.1053208282
       90.8465423584        0.1053208282
       92.0293045044        0.1020958798
       92.0293045044        0.1020958798
       92.0293045044        0.1020958798
       92.0293045044        0.1020958798
       92.0293045044        0.1020958798
       92.0293045044        0.1020958798
       92.0293045044        0.1020958798
       92.0293045044        0.1020958798
       92.0293045044        0.1020958798
       92.0293045044        0.1020958798
       92.0293045044        0.1020958798
       92.0293045044        0.1020958798
       92.0293045044        0.1020958798
       92.0293045044        0.1020958798
       92.3370666504        0.1012782822
       92.3370666504        0.1012782822
       92.3370666504        0.1012782822
       92.3370666504        0.1012782822
       92.3370666504        0.1012782822
       92.3370666504        0.1012782822
       92.3370666504        0.1012782822
       92.3370666504        0.1012782822
       95.3587188721        0.0936964739
       95.3587188721        0.0936964739
       95.3587188721        0.0936964739
       95.3587188721        0.0936964739
       95.3587188721        0.0936964739
       95.3587188721        0.0936964739
       95.3587188721        0.0936964739
       95.3587188721        0.0936964739
       95.3587188721        0.0936964739
       95.3587188721        0.0936964739
       95.5545730591        0.0932316761
       95.5545730591        0.0932316761
       95.5545730591        0.0932316761
       95.5545730591        0.0932316761
       97.2332687378        0.0893724311
       97.2332687378        0.0893724311
       97.2332687378        0.0893724311
       97.2332687378        0.0893724311
       97.2332687378        0.0893724311
       97.2332687378        0.0893724311
       97.6529464722        0.0884414411
       97.6529464722        0.0884414411
       97.7012329102        0.0883351688
       97.7012329102        0.0883351688
       97.7012329102        0.0883351688
       97.7012329102        0.0883351688
       97.7012329102        0.0883351688
       97.7012329102        0.0883351688
       97.7012329102        0.0883351688
       97.7012329102        0.0883351688
       97.7012329102        0.0883351688
       97.7012329102        0.0883351688
       97.7012329102        0.0883351688
       97.7012329102        0.0883351688
       97.7012329102        0.0883351688
       97.7012329102        0.0883351688
      102.7373275757        0.0781414072
      102.7373275757        0.0781414072
      102.7373275757        0.0781414072
      102.7373275757        0.0781414072
      102.7373275757        0.0781414072
      102.7373275757        0.0781414072
      102.7373275757        0.0781414072
      102.7373275757        0.0781414072
      102.7373275757        0.0781414072
      102.7373275757        0.0781414072
      102.7373275757        0.0781414072
      102.7373275757        0.0781414072
      102.7373275757        0.0781414072
      102.7373275757        0.0781414072
      102.7373275757        0.0781414072
      102.7373275757        0.0781414072
      103.1010437012        0.0774687526
      103.1010437012        0.0774687526
      103.1010437012        0.0774687526
      103.1010437012        0.0774687526
      103.1010437012        0.0774687526
      103.1010437012        0.0774687526
      103.1010437012        0.0774687526
      103.1010437012        0.0774687526
      103.1010437012        0.0774687526
      103.1010437012        0.0774687526
      106.7941894531        0.0710690010
      106.7941894531        0.0710690010
      106.7941894531        0.0710690010
      106.7941894531        0.0710690010
      106.7941894531        0.0710690010
      106.7941894531        0.0710690010
      106.7941894531        0.0710690010
      106.7941894531        0.0710690010
      106.7941894531        0.0710690010
      106.7941894531        0.0710690010
      106.7941894531        0.0710690010
      106.7941894531        0.0710690010
      107.0459976196        0.0706596310
      107.0459976196        0.0706596310
      107.0459976196        0.0706596310
      107.0459976196        0.0706596310
      107.0459976196        0.0706596310
      107.0459976196        0.0706596310
      109.3961791992        0.0669919950
      109.3961791992        0.0669919950
      109.3961791992        0.0669919950
      109.3961791992        0.0669919950
      109.3961791992        0.0669919950
      109.3961791992        0.0669919950
      109.3961791992        0.0669919950
      109.3961791992        0.0669919950
      109.5360641479        0.0667821141
      109.5360641479        0.0667821141
      110.5432891846        0.0652975985
      110.5432891846        0.0652975985
      110.5432891846        0.0652975985
      110.5432891846        0.0652975985


