    2  329
    1  328
    4  327
    3  326
    6  325
    5  324
    8  323
    7  322
   10  321
    9  320
   12  319
   11  318
   14  317
   13  316
   16  315
   15  314
   18  313
   17  312
   20  311
   19  310
   22  309
   21  308
   24  307
   23  306
   26  305
   25  304
   28  303
   27  302
   30  301
   29  300
   32  299
   31  298
   34  297
   33  296
   36  295
   35  294
   38  293
   37  292
   40  291
   39  290
   42  289
   41  288
   44  287
   43  286
   46  285
   45  284
   48  283
   47  282
   50  281
   49  280
   52  279
   51  278
   54  277
   53  276
   56  275
   55  274
   58  273
   57  272
   60  271
   59  270
   62  269
   61  268
   64  267
   63  266
   66  265
   65  264
   68  263
   67  262
   70  261
   69  260
   72  259
   71  258
   74  257
   73  256
   76  255
   75  254
   78  253
   77  252
   80  251
   79  250
   82  249
   81  248
   84  247
   83  246
   86  245
   85  244
   88  243
   87  242
   90  241
   89  240
   92  239
   91  238
   94  237
   93  236
   96  235
   95  234
   98  233
   97  232
  100  231
   99  230
  102  229
  101  228
  104  227
  103  226
  106  225
  105  224
  108  223
  107  222
  110  221
  109  220
  112  219
  111  218
  114  217
  113  216
  116  215
  115  214
  118  213
  117  212
  120  211
  119  210
  122  209
  121  208
  124  207
  123  206
  126  205
  125  204
  128  203
  127  202
  130  201
  129  200
  132  199
  131  198
  134  197
  133  196
  136  195
  135  194
  138  193
  137  192
  140  191
  139  190
  142  189
  141  188
  144  187
  143  186
  146  185
  145  184
  148  183
  147  182
  150  181
  149  180
  152  179
  151  178
  154  177
  153  176
  156  175
  155  174
  158  173
  157  172
  160  171
  159  170
  162  169
  161  168
  164  167
  163  166
  166  165
  165  164
  168  163
  167  162
  170  161
  169  160
  172  159
  171  158
  174  157
  173  156
  176  155
  175  154
  178  153
  177  152
  180  151
  179  150
  182  149
  181  148
  184  147
  183  146
  186  145
  185  144
  188  143
  187  142
  190  141
  189  140
  192  139
  191  138
  194  137
  193  136
  196  135
  195  134
  198  133
  197  132
  200  131
  199  130
  202  129
  201  128
  204  127
  203  126
  206  125
  205  124
  208  123
  207  122
  210  121
  209  120
  212  119
  211  118
  214  117
  213  116
  216  115
  215  114
  218  113
  217  112
  220  111
  219  110
  222  109
  221  108
  224  107
  223  106
  226  105
  225  104
  228  103
  227  102
  230  101
  229  100
  232   99
  231   98
  234   97
  233   96
  236   95
  235   94
  238   93
  237   92
  240   91
  239   90
  242   89
  241   88
  244   87
  243   86
  246   85
  245   84
  248   83
  247   82
  250   81
  249   80
  252   79
  251   78
  254   77
  253   76
  256   75
  255   74
  258   73
  257   72
  260   71
  259   70
  262   69
  261   68
  264   67
  263   66
  266   65
  265   64
  268   63
  267   62
  270   61
  269   60
  272   59
  271   58
  274   57
  273   56
  276   55
  275   54
  278   53
  277   52
  280   51
  279   50
  282   49
  281   48
  284   47
  283   46
  286   45
  285   44
  288   43
  287   42
  290   41
  289   40
  292   39
  291   38
  294   37
  293   36
  296   35
  295   34
  298   33
  297   32
  300   31
  299   30
  302   29
  301   28
  304   27
  303   26
  306   25
  305   24
  308   23
  307   22
  310   21
  309   20
  312   19
  311   18
  314   17
  313   16
  316   15
  315   14
  318   13
  317   12
  320   11
  319   10
  322    9
  321    8
  324    7
  323    6
  326    5
  325    4
  328    3
  327    2
