       11.2815847397        0.9997921015        0.9995315350        0.9991657280        0.9986908983        0.9981053090        0.9974043944        0.9965830718
       11.2815847397        0.9997921015        0.9995315350        0.9991657280        0.9986908983        0.9981053090        0.9974043944        0.9965830718
       21.2093791962        0.9995362803        0.9989549228        0.9981387755        0.9970763976        0.9957635078        0.9941867795        0.9923315526
       21.2093791962        0.9995362803        0.9989549228        0.9981387755        0.9970763976        0.9957635078        0.9941867795        0.9923315526
       21.2093791962        0.9995362803        0.9989549228        0.9981387755        0.9970763976        0.9957635078        0.9941867795        0.9923315526
       21.2093791962        0.9995362803        0.9989549228        0.9981387755        0.9970763976        0.9957635078        0.9941867795        0.9923315526
       25.2707500458        0.9992721664        0.9983599223        0.9970800661        0.9954118886        0.9933493122        0.9908691618        0.9879463903
       25.2707500458        0.9992721664        0.9983599223        0.9970800661        0.9954118886        0.9933493122        0.9908691618        0.9879463903
       31.4756202698        0.9980700111        0.9956591038        0.9922948024        0.9879120247        0.9825161316        0.9760491634        0.9684564788
       31.4756202698        0.9980700111        0.9956591038        0.9922948024        0.9879120247        0.9825161316        0.9760491634        0.9684564788
       31.4756202698        0.9980700111        0.9956591038        0.9922948024        0.9879120247        0.9825161316        0.9760491634        0.9684564788
       31.4756202698        0.9980700111        0.9956591038        0.9922948024        0.9879120247        0.9825161316        0.9760491634        0.9684564788
       31.4756202698        0.9980700111        0.9956591038        0.9922948024        0.9879120247        0.9825161316        0.9760491634        0.9684564788
       31.4756202698        0.9980700111        0.9956591038        0.9922948024        0.9879120247        0.9825161316        0.9760491634        0.9684564788
       33.8447532654        0.9966634568        0.9925187588        0.9867818183        0.9793483097        0.9702843177        0.9595298126        0.9470492340
       33.8447532654        0.9966634568        0.9925187588        0.9867818183        0.9793483097        0.9702843177        0.9595298126        0.9470492340
       37.3984527588        0.9881405863        0.9740229317        0.9555534207        0.9328340618        0.9070420022        0.8786382089        0.8482155079
       37.3984527588        0.9881405863        0.9740229317        0.9555534207        0.9328340618        0.9070420022        0.8786382089        0.8482155079
       37.3984527588        0.9881405863        0.9740229317        0.9555534207        0.9328340618        0.9070420022        0.8786382089        0.8482155079
       37.3984527588        0.9881405863        0.9740229317        0.9555534207        0.9328340618        0.9070420022        0.8786382089        0.8482155079
       41.3188018799        0.4912098408        0.4810822646        0.4735850851        0.4593679312        0.4467271399        0.4336620297        0.4204084232
       41.3188018799        0.4912098408        0.4810822646        0.4735850851        0.4593679312        0.4467271399        0.4336620297        0.4204084232
       41.3188018799        0.4912098408        0.4810822646        0.4735850851        0.4593679312        0.4467271399        0.4336620297        0.4204084232
       41.3188018799        0.4912098408        0.4810822646        0.4735850851        0.4593679312        0.4467271399        0.4336620297        0.4204084232
       41.3188018799        0.4912098408        0.4810822646        0.4735850851        0.4593679312        0.4467271399        0.4336620297        0.4204084232
       41.3188018799        0.4912098408        0.4810822646        0.4735850851        0.4593679312        0.4467271399        0.4336620297        0.4204084232
       41.3188018799        0.4912098408        0.4810822646        0.4735850851        0.4593679312        0.4467271399        0.4336620297        0.4204084232
       41.3188018799        0.4912098408        0.4810822646        0.4735850851        0.4593679312        0.4467271399        0.4336620297        0.4204084232
       45.8878479004        0.0086900430        0.0186788946        0.0313182871        0.0451055598        0.0593066050        0.0730135466        0.0856871758
       45.8878479004        0.0086900430        0.0186788946        0.0313182871        0.0451055598        0.0593066050        0.0730135466        0.0856871758
       45.8878479004        0.0086900430        0.0186788946        0.0313182871        0.0451055598        0.0593066050        0.0730135466        0.0856871758
       45.8878479004        0.0086900430        0.0186788946        0.0313182871        0.0451055598        0.0593066050        0.0730135466        0.0856871758
       48.4262008667        0.0036554256        0.0080389455        0.0138720642        0.0207241367        0.0283312034        0.0363134697        0.0443606578
       48.4262008667        0.0036554256        0.0080389455        0.0138720642        0.0207241367        0.0283312034        0.0363134697        0.0443606578
       48.4262008667        0.0036554256        0.0080389455        0.0138720642        0.0207241367        0.0283312034        0.0363134697        0.0443606578
       48.4262008667        0.0036554256        0.0080389455        0.0138720642        0.0207241367        0.0283312034        0.0363134697        0.0443606578
       48.4262008667        0.0036554256        0.0080389455        0.0138720642        0.0207241367        0.0283312034        0.0363134697        0.0443606578
       48.4262008667        0.0036554256        0.0080389455        0.0138720642        0.0207241367        0.0283312034        0.0363134697        0.0443606578
       48.9338684082        0.0031896824        0.0070308532        0.0121686162        0.0182527236        0.0250646461        0.0322833628        0.0396384135
       48.9338684082        0.0031896824        0.0070308532        0.0121686162        0.0182527236        0.0250646461        0.0322833628        0.0396384135
       51.4011573792        0.0018288520        0.0040599252        0.0070918861        0.0107761096        0.0150157503        0.0196575023        0.0245593030
       51.4011573792        0.0018288520        0.0040599252        0.0070918861        0.0107761096        0.0150157503        0.0196575023        0.0245593030
       51.4011573792        0.0018288520        0.0040599252        0.0070918861        0.0107761096        0.0150157503        0.0196575023        0.0245593030
       51.4011573792        0.0018288520        0.0040599252        0.0070918861        0.0107761096        0.0150157503        0.0196575023        0.0245593030
       51.4011573792        0.0018288520        0.0040599252        0.0070918861        0.0107761096        0.0150157503        0.0196575023        0.0245593030
       51.4011573792        0.0018288520        0.0040599252        0.0070918861        0.0107761096        0.0150157503        0.0196575023        0.0245593030
       51.4011573792        0.0018288520        0.0040599252        0.0070918861        0.0107761096        0.0150157503        0.0196575023        0.0245593030
       51.4011573792        0.0018288520        0.0040599252        0.0070918861        0.0107761096        0.0150157503        0.0196575023        0.0245593030
       51.4011573792        0.0018288520        0.0040599252        0.0070918861        0.0107761096        0.0150157503        0.0196575023        0.0245593030
       51.4011573792        0.0018288520        0.0040599252        0.0070918861        0.0107761096        0.0150157503        0.0196575023        0.0245593030
       57.2924003601        0.0007318361        0.0016352092        0.0028808542        0.0044332628        0.0062690567        0.0083475982        0.0106277586
       57.2924003601        0.0007318361        0.0016352092        0.0028808542        0.0044332628        0.0062690567        0.0083475982        0.0106277586
       57.2924003601        0.0007318361        0.0016352092        0.0028808542        0.0044332628        0.0062690567        0.0083475982        0.0106277586
       57.2924003601        0.0007318361        0.0016352092        0.0028808542        0.0044332628        0.0062690567        0.0083475982        0.0106277586
       57.2924003601        0.0007318361        0.0016352092        0.0028808542        0.0044332628        0.0062690567        0.0083475982        0.0106277586
       57.2924003601        0.0007318361        0.0016352092        0.0028808542        0.0044332628        0.0062690567        0.0083475982        0.0106277586
       58.5085563660        0.0006322204        0.0014135721        0.0024925686        0.0038409690        0.0054402205        0.0072576770        0.0092599963
       58.5085563660        0.0006322204        0.0014135721        0.0024925686        0.0038409690        0.0054402205        0.0072576770        0.0092599963
       58.5085563660        0.0006322204        0.0014135721        0.0024925686        0.0038409690        0.0054402205        0.0072576770        0.0092599963
       58.5085563660        0.0006322204        0.0014135721        0.0024925686        0.0038409690        0.0054402205        0.0072576770        0.0092599963
       58.5085563660        0.0006322204        0.0014135721        0.0024925686        0.0038409690        0.0054402205        0.0072576770        0.0092599963
       58.5085563660        0.0006322204        0.0014135721        0.0024925686        0.0038409690        0.0054402205        0.0072576770        0.0092599963
       58.5085563660        0.0006322204        0.0014135721        0.0024925686        0.0038409690        0.0054402205        0.0072576770        0.0092599963
       58.5085563660        0.0006322204        0.0014135721        0.0024925686        0.0038409690        0.0054402205        0.0072576770        0.0092599963
       60.7197418213        0.0004966230        0.0011114477        0.0019622779        0.0030297510        0.0043012089        0.0057539562        0.0073645130
       60.7197418213        0.0004966230        0.0011114477        0.0019622779        0.0030297510        0.0043012089        0.0057539562        0.0073645130
       61.1845474243        0.0004737056        0.0010603348        0.0018724465        0.0028920557        0.0041074177        0.0054974017        0.0070400967
       61.1845474243        0.0004737056        0.0010603348        0.0018724465        0.0028920557        0.0041074177        0.0054974017        0.0070400967
       61.1845474243        0.0004737056        0.0010603348        0.0018724465        0.0028920557        0.0041074177        0.0054974017        0.0070400967
       61.1845474243        0.0004737056        0.0010603348        0.0018724465        0.0028920557        0.0041074177        0.0054974017        0.0070400967
       61.1845474243        0.0004737056        0.0010603348        0.0018724465        0.0028920557        0.0041074177        0.0054974017        0.0070400967
       61.1845474243        0.0004737056        0.0010603348        0.0018724465        0.0028920557        0.0041074177        0.0054974017        0.0070400967
       61.1845474243        0.0004737056        0.0010603348        0.0018724465        0.0028920557        0.0041074177        0.0054974017        0.0070400967
       61.1845474243        0.0004737056        0.0010603348        0.0018724465        0.0028920557        0.0041074177        0.0054974017        0.0070400967
       61.1845474243        0.0004737056        0.0010603348        0.0018724465        0.0028920557        0.0041074177        0.0054974017        0.0070400967
       61.1845474243        0.0004737056        0.0010603348        0.0018724465        0.0028920557        0.0041074177        0.0054974017        0.0070400967
       61.1845474243        0.0004737056        0.0010603348        0.0018724465        0.0028920557        0.0041074177        0.0054974017        0.0070400967
       61.1845474243        0.0004737056        0.0010603348        0.0018724465        0.0028920557        0.0041074177        0.0054974017        0.0070400967
       61.2409553528        0.0004710327        0.0010543724        0.0018619653        0.0028759847        0.0040847906        0.0054674324        0.0070021802
       61.2409553528        0.0004710327        0.0010543724        0.0018619653        0.0028759847        0.0040847906        0.0054674324        0.0070021802
       61.2409553528        0.0004710327        0.0010543724        0.0018619653        0.0028759847        0.0040847906        0.0054674324        0.0070021802
       61.2409553528        0.0004710327        0.0010543724        0.0018619653        0.0028759847        0.0040847906        0.0054674324        0.0070021802
       67.9972763062        0.0002629305        0.0005895130        0.0010432783        0.0016170379        0.0023061735        0.0031020487        0.0039955071
       67.9972763062        0.0002629305        0.0005895130        0.0010432783        0.0016170379        0.0023061735        0.0031020487        0.0039955071
       67.9972763062        0.0002629305        0.0005895130        0.0010432783        0.0016170379        0.0023061735        0.0031020487        0.0039955071
       67.9972763062        0.0002629305        0.0005895130        0.0010432783        0.0016170379        0.0023061735        0.0031020487        0.0039955071
       67.9972763062        0.0002629305        0.0005895130        0.0010432783        0.0016170379        0.0023061735        0.0031020487        0.0039955071
       67.9972763062        0.0002629305        0.0005895130        0.0010432783        0.0016170379        0.0023061735        0.0031020487        0.0039955071
       67.9972763062        0.0002629305        0.0005895130        0.0010432783        0.0016170379        0.0023061735        0.0031020487        0.0039955071
       67.9972763062        0.0002629305        0.0005895130        0.0010432783        0.0016170379        0.0023061735        0.0031020487        0.0039955071
       68.8785858154        0.0002464046        0.0005525392        0.0009780269        0.0015163686        0.0021633971        0.0029112900        0.0037517385
       68.8785858154        0.0002464046        0.0005525392        0.0009780269        0.0015163686        0.0021633971        0.0029112900        0.0037517385
       68.8785858154        0.0002464046        0.0005525392        0.0009780269        0.0015163686        0.0021633971        0.0029112900        0.0037517385
       68.8785858154        0.0002464046        0.0005525392        0.0009780269        0.0015163686        0.0021633971        0.0029112900        0.0037517385
       68.8785858154        0.0002464046        0.0005525392        0.0009780269        0.0015163686        0.0021633971        0.0029112900        0.0037517385
       68.8785858154        0.0002464046        0.0005525392        0.0009780269        0.0015163686        0.0021633971        0.0029112900        0.0037517385
       68.8785858154        0.0002464046        0.0005525392        0.0009780269        0.0015163686        0.0021633971        0.0029112900        0.0037517385
       68.8785858154        0.0002464046        0.0005525392        0.0009780269        0.0015163686        0.0021633971        0.0029112900        0.0037517385
       68.8785858154        0.0002464046        0.0005525392        0.0009780269        0.0015163686        0.0021633971        0.0029112900        0.0037517385
       68.8785858154        0.0002464046        0.0005525392        0.0009780269        0.0015163686        0.0021633971        0.0029112900        0.0037517385
       71.2071075439        0.0002095478        0.0004700459        0.0008323659        0.0012914530        0.0018440821        0.0024841446        0.0032051239
       71.2071075439        0.0002095478        0.0004700459        0.0008323659        0.0012914530        0.0018440821        0.0024841446        0.0032051239
       71.2071075439        0.0002095478        0.0004700459        0.0008323659        0.0012914530        0.0018440821        0.0024841446        0.0032051239
       71.2071075439        0.0002095478        0.0004700459        0.0008323659        0.0012914530        0.0018440821        0.0024841446        0.0032051239
       71.2071075439        0.0002095478        0.0004700459        0.0008323659        0.0012914530        0.0018440821        0.0024841446        0.0032051239
       71.2071075439        0.0002095478        0.0004700459        0.0008323659        0.0012914530        0.0018440821        0.0024841446        0.0032051239
       71.2071075439        0.0002095478        0.0004700459        0.0008323659        0.0012914530        0.0018440821        0.0024841446        0.0032051239
       71.2071075439        0.0002095478        0.0004700459        0.0008323659        0.0012914530        0.0018440821        0.0024841446        0.0032051239
       71.2071075439        0.0002095478        0.0004700459        0.0008323659        0.0012914530        0.0018440821        0.0024841446        0.0032051239
       71.2071075439        0.0002095478        0.0004700459        0.0008323659        0.0012914530        0.0018440821        0.0024841446        0.0032051239
       71.2071075439        0.0002095478        0.0004700459        0.0008323659        0.0012914530        0.0018440821        0.0024841446        0.0032051239
       71.2071075439        0.0002095478        0.0004700459        0.0008323659        0.0012914530        0.0018440821        0.0024841446        0.0032051239
       71.2071075439        0.0002095478        0.0004700459        0.0008323659        0.0012914530        0.0018440821        0.0024841446        0.0032051239
       71.2071075439        0.0002095478        0.0004700459        0.0008323659        0.0012914530        0.0018440821        0.0024841446        0.0032051239
       72.4038543701        0.0001937404        0.0004346511        0.0007698348        0.0011948149        0.0017067424        0.0023001982        0.0029693900
       72.4038543701        0.0001937404        0.0004346511        0.0007698348        0.0011948149        0.0017067424        0.0023001982        0.0029693900
       72.4038543701        0.0001937404        0.0004346511        0.0007698348        0.0011948149        0.0017067424        0.0023001982        0.0029693900
       72.4038543701        0.0001937404        0.0004346511        0.0007698348        0.0011948149        0.0017067424        0.0023001982        0.0029693900
       72.8934783936        0.0001877846        0.0004213130        0.0007462653        0.0011583763        0.0016549341        0.0022307717        0.0028803628
       72.8934783936        0.0001877846        0.0004213130        0.0007462653        0.0011583763        0.0016549341        0.0022307717        0.0028803628
       72.8934783936        0.0001877846        0.0004213130        0.0007462653        0.0011583763        0.0016549341        0.0022307717        0.0028803628
       72.8934783936        0.0001877846        0.0004213130        0.0007462653        0.0011583763        0.0016549341        0.0022307717        0.0028803628
       72.8934783936        0.0001877846        0.0004213130        0.0007462653        0.0011583763        0.0016549341        0.0022307717        0.0028803628
       72.8934783936        0.0001877846        0.0004213130        0.0007462653        0.0011583763        0.0016549341        0.0022307717        0.0028803628
       74.5022277832        0.0001700352        0.0003815553        0.0006759930        0.0010496903        0.0015003286        0.0020234681        0.0026143496
       74.5022277832        0.0001700352        0.0003815553        0.0006759930        0.0010496903        0.0015003286        0.0020234681        0.0026143496
       77.8379669189        0.0001404153        0.0003151826        0.0005586176        0.0008679988        0.0012416113        0.0016761409        0.0021680212
       77.8379669189        0.0001404153        0.0003151826        0.0005586176        0.0008679988        0.0012416113        0.0016761409        0.0021680212
       77.8379669189        0.0001404153        0.0003151826        0.0005586176        0.0008679988        0.0012416113        0.0016761409        0.0021680212
       77.8379669189        0.0001404153        0.0003151826        0.0005586176        0.0008679988        0.0012416113        0.0016761409        0.0021680212
       77.8379669189        0.0001404153        0.0003151826        0.0005586176        0.0008679988        0.0012416113        0.0016761409        0.0021680212
       77.8379669189        0.0001404153        0.0003151826        0.0005586176        0.0008679988        0.0012416113        0.0016761409        0.0021680212
       77.8379669189        0.0001404153        0.0003151826        0.0005586176        0.0008679988        0.0012416113        0.0016761409        0.0021680212
       77.8379669189        0.0001404153        0.0003151826        0.0005586176        0.0008679988        0.0012416113        0.0016761409        0.0021680212
       77.8379669189        0.0001404153        0.0003151826        0.0005586176        0.0008679988        0.0012416113        0.0016761409        0.0021680212
       77.8379669189        0.0001404153        0.0003151826        0.0005586176        0.0008679988        0.0012416113        0.0016761409        0.0021680212
       80.3000640869        0.0001232508        0.0002767044        0.0004905357        0.0007625190        0.0010912572        0.0014740348        0.0019079226
       80.3000640869        0.0001232508        0.0002767044        0.0004905357        0.0007625190        0.0010912572        0.0014740348        0.0019079226
       80.3000640869        0.0001232508        0.0002767044        0.0004905357        0.0007625190        0.0010912572        0.0014740348        0.0019079226
       80.3000640869        0.0001232508        0.0002767044        0.0004905357        0.0007625190        0.0010912572        0.0014740348        0.0019079226
       80.3000640869        0.0001232508        0.0002767044        0.0004905357        0.0007625190        0.0010912572        0.0014740348        0.0019079226
       80.3000640869        0.0001232508        0.0002767044        0.0004905357        0.0007625190        0.0010912572        0.0014740348        0.0019079226
       80.3000640869        0.0001232508        0.0002767044        0.0004905357        0.0007625190        0.0010912572        0.0014740348        0.0019079226
       80.3000640869        0.0001232508        0.0002767044        0.0004905357        0.0007625190        0.0010912572        0.0014740348        0.0019079226
       80.3000640869        0.0001232508        0.0002767044        0.0004905357        0.0007625190        0.0010912572        0.0014740348        0.0019079226
       80.3000640869        0.0001232508        0.0002767044        0.0004905357        0.0007625190        0.0010912572        0.0014740348        0.0019079226
       80.3000640869        0.0001232508        0.0002767044        0.0004905357        0.0007625190        0.0010912572        0.0014740348        0.0019079226
       80.3000640869        0.0001232508        0.0002767044        0.0004905357        0.0007625190        0.0010912572        0.0014740348        0.0019079226
       81.5374298096        0.0001157889        0.0002599734        0.0004609239        0.0007166190        0.0010257923        0.0013859752        0.0017945024
       81.5374298096        0.0001157889        0.0002599734        0.0004609239        0.0007166190        0.0010257923        0.0013859752        0.0017945024
       81.5374298096        0.0001157889        0.0002599734        0.0004609239        0.0007166190        0.0010257923        0.0013859752        0.0017945024
       81.5374298096        0.0001157889        0.0002599734        0.0004609239        0.0007166190        0.0010257923        0.0013859752        0.0017945024
       81.5374298096        0.0001157889        0.0002599734        0.0004609239        0.0007166190        0.0010257923        0.0013859752        0.0017945024
       81.5374298096        0.0001157889        0.0002599734        0.0004609239        0.0007166190        0.0010257923        0.0013859752        0.0017945024
       81.5374298096        0.0001157889        0.0002599734        0.0004609239        0.0007166190        0.0010257923        0.0013859752        0.0017945024
       81.5374298096        0.0001157889        0.0002599734        0.0004609239        0.0007166190        0.0010257923        0.0013859752        0.0017945024
       81.5374298096        0.0001157889        0.0002599734        0.0004609239        0.0007166190        0.0010257923        0.0013859752        0.0017945024
       81.5374298096        0.0001157889        0.0002599734        0.0004609239        0.0007166190        0.0010257923        0.0013859752        0.0017945024
       81.5374298096        0.0001157889        0.0002599734        0.0004609239        0.0007166190        0.0010257923        0.0013859752        0.0017945024
       81.5374298096        0.0001157889        0.0002599734        0.0004609239        0.0007166190        0.0010257923        0.0013859752        0.0017945024
       81.5374298096        0.0001157889        0.0002599734        0.0004609239        0.0007166190        0.0010257923        0.0013859752        0.0017945024
       81.5374298096        0.0001157889        0.0002599734        0.0004609239        0.0007166190        0.0010257923        0.0013859752        0.0017945024
       81.5374298096        0.0001157889        0.0002599734        0.0004609239        0.0007166190        0.0010257923        0.0013859752        0.0017945024
       81.5374298096        0.0001157889        0.0002599734        0.0004609239        0.0007166190        0.0010257923        0.0013859752        0.0017945024
       82.5663070679        0.0001100885        0.0002471902        0.0004382956        0.0006815346        0.0009757373        0.0013186181        0.0017077077
       82.5663070679        0.0001100885        0.0002471902        0.0004382956        0.0006815346        0.0009757373        0.0013186181        0.0017077077
       82.5663070679        0.0001100885        0.0002471902        0.0004382956        0.0006815346        0.0009757373        0.0013186181        0.0017077077
       82.5663070679        0.0001100885        0.0002471902        0.0004382956        0.0006815346        0.0009757373        0.0013186181        0.0017077077
       82.5663070679        0.0001100885        0.0002471902        0.0004382956        0.0006815346        0.0009757373        0.0013186181        0.0017077077
       82.5663070679        0.0001100885        0.0002471902        0.0004382956        0.0006815346        0.0009757373        0.0013186181        0.0017077077
       84.1330947876        0.0001021837        0.0002294616        0.0004069081        0.0006328557        0.0009062636        0.0012250922        0.0015871349
       84.1330947876        0.0001021837        0.0002294616        0.0004069081        0.0006328557        0.0009062636        0.0012250922        0.0015871349
       84.1330947876        0.0001021837        0.0002294616        0.0004069081        0.0006328557        0.0009062636        0.0012250922        0.0015871349
       84.1330947876        0.0001021837        0.0002294616        0.0004069081        0.0006328557        0.0009062636        0.0012250922        0.0015871349
       84.1330947876        0.0001021837        0.0002294616        0.0004069081        0.0006328557        0.0009062636        0.0012250922        0.0015871349
       84.1330947876        0.0001021837        0.0002294616        0.0004069081        0.0006328557        0.0009062636        0.0012250922        0.0015871349
       84.1330947876        0.0001021837        0.0002294616        0.0004069081        0.0006328557        0.0009062636        0.0012250922        0.0015871349
       84.1330947876        0.0001021837        0.0002294616        0.0004069081        0.0006328557        0.0009062636        0.0012250922        0.0015871349
       85.3921203613        0.0000964326        0.0002165615        0.0003840654        0.0005974188        0.0008556713        0.0011569559        0.0014992511
       85.3921203613        0.0000964326        0.0002165615        0.0003840654        0.0005974188        0.0008556713        0.0011569559        0.0014992511
       86.0635986328        0.0000935618        0.0002101216        0.0003726606        0.0005797228        0.0008304016        0.0011229143        0.0014553296
       86.0635986328        0.0000935618        0.0002101216        0.0003726606        0.0005797228        0.0008304016        0.0011229143        0.0014553296
       86.0635986328        0.0000935618        0.0002101216        0.0003726606        0.0005797228        0.0008304016        0.0011229143        0.0014553296
       86.0635986328        0.0000935618        0.0002101216        0.0003726606        0.0005797228        0.0008304016        0.0011229143        0.0014553296
       87.6646804810        0.0000872128        0.0001958777        0.0003474326        0.0005405704        0.0007744789        0.0010475568        0.0013580676
       87.6646804810        0.0000872128        0.0001958777        0.0003474326        0.0005405704        0.0007744789        0.0010475568        0.0013580676
       87.6646804810        0.0000872128        0.0001958777        0.0003474326        0.0005405704        0.0007744789        0.0010475568        0.0013580676
       87.6646804810        0.0000872128        0.0001958777        0.0003474326        0.0005405704        0.0007744789        0.0010475568        0.0013580676
       87.6646804810        0.0000872128        0.0001958777        0.0003474326        0.0005405704        0.0007744789        0.0010475568        0.0013580676
       87.6646804810        0.0000872128        0.0001958777        0.0003474326        0.0005405704        0.0007744789        0.0010475568        0.0013580676
       87.6646804810        0.0000872128        0.0001958777        0.0003474326        0.0005405704        0.0007744789        0.0010475568        0.0013580676
       87.6646804810        0.0000872128        0.0001958777        0.0003474326        0.0005405704        0.0007744789        0.0010475568        0.0013580676
       87.6646804810        0.0000872128        0.0001958777        0.0003474326        0.0005405704        0.0007744789        0.0010475568        0.0013580676
       87.6646804810        0.0000872128        0.0001958777        0.0003474326        0.0005405704        0.0007744789        0.0010475568        0.0013580676
       87.6646804810        0.0000872128        0.0001958777        0.0003474326        0.0005405704        0.0007744789        0.0010475568        0.0013580676
       87.6646804810        0.0000872128        0.0001958777        0.0003474326        0.0005405704        0.0007744789        0.0010475568        0.0013580676
       90.8465423584        0.0000763726        0.0001715541        0.0003043421        0.0004736707        0.0006788797        0.0009186615        0.0011915956
       90.8465423584        0.0000763726        0.0001715541        0.0003043421        0.0004736707        0.0006788797        0.0009186615        0.0011915956
       90.8465423584        0.0000763726        0.0001715541        0.0003043421        0.0004736707        0.0006788797        0.0009186615        0.0011915956
       90.8465423584        0.0000763726        0.0001715541        0.0003043421        0.0004736707        0.0006788797        0.0009186615        0.0011915956
       90.8465423584        0.0000763726        0.0001715541        0.0003043421        0.0004736707        0.0006788797        0.0009186615        0.0011915956
       90.8465423584        0.0000763726        0.0001715541        0.0003043421        0.0004736707        0.0006788797        0.0009186615        0.0011915956
       90.8465423584        0.0000763726        0.0001715541        0.0003043421        0.0004736707        0.0006788797        0.0009186615        0.0011915956
       90.8465423584        0.0000763726        0.0001715541        0.0003043421        0.0004736707        0.0006788797        0.0009186615        0.0011915956
       90.8465423584        0.0000763726        0.0001715541        0.0003043421        0.0004736707        0.0006788797        0.0009186615        0.0011915956
       90.8465423584        0.0000763726        0.0001715541        0.0003043421        0.0004736707        0.0006788797        0.0009186615        0.0011915956
       90.8465423584        0.0000763726        0.0001715541        0.0003043421        0.0004736707        0.0006788797        0.0009186615        0.0011915956
       90.8465423584        0.0000763726        0.0001715541        0.0003043421        0.0004736707        0.0006788797        0.0009186615        0.0011915956
       90.8465423584        0.0000763726        0.0001715541        0.0003043421        0.0004736707        0.0006788797        0.0009186615        0.0011915956
       90.8465423584        0.0000763726        0.0001715541        0.0003043421        0.0004736707        0.0006788797        0.0009186615        0.0011915956
       90.8465423584        0.0000763726        0.0001715541        0.0003043421        0.0004736707        0.0006788797        0.0009186615        0.0011915956
       90.8465423584        0.0000763726        0.0001715541        0.0003043421        0.0004736707        0.0006788797        0.0009186615        0.0011915956
       90.8465423584        0.0000763726        0.0001715541        0.0003043421        0.0004736707        0.0006788797        0.0009186615        0.0011915956
       90.8465423584        0.0000763726        0.0001715541        0.0003043421        0.0004736707        0.0006788797        0.0009186615        0.0011915956
       92.0293045044        0.0000728534        0.0001636563        0.0002903481        0.0004519371        0.0006478103        0.0008767506        0.0011374355
       92.0293045044        0.0000728534        0.0001636563        0.0002903481        0.0004519371        0.0006478103        0.0008767506        0.0011374355
       92.0293045044        0.0000728534        0.0001636563        0.0002903481        0.0004519371        0.0006478103        0.0008767506        0.0011374355
       92.0293045044        0.0000728534        0.0001636563        0.0002903481        0.0004519371        0.0006478103        0.0008767506        0.0011374355
       92.0293045044        0.0000728534        0.0001636563        0.0002903481        0.0004519371        0.0006478103        0.0008767506        0.0011374355
       92.0293045044        0.0000728534        0.0001636563        0.0002903481        0.0004519371        0.0006478103        0.0008767506        0.0011374355
       92.0293045044        0.0000728534        0.0001636563        0.0002903481        0.0004519371        0.0006478103        0.0008767506        0.0011374355
       92.0293045044        0.0000728534        0.0001636563        0.0002903481        0.0004519371        0.0006478103        0.0008767506        0.0011374355
       92.0293045044        0.0000728534        0.0001636563        0.0002903481        0.0004519371        0.0006478103        0.0008767506        0.0011374355
       92.0293045044        0.0000728534        0.0001636563        0.0002903481        0.0004519371        0.0006478103        0.0008767506        0.0011374355
       92.0293045044        0.0000728534        0.0001636563        0.0002903481        0.0004519371        0.0006478103        0.0008767506        0.0011374355
       92.0293045044        0.0000728534        0.0001636563        0.0002903481        0.0004519371        0.0006478103        0.0008767506        0.0011374355
       92.0293045044        0.0000728534        0.0001636563        0.0002903481        0.0004519371        0.0006478103        0.0008767506        0.0011374355
       92.0293045044        0.0000728534        0.0001636563        0.0002903481        0.0004519371        0.0006478103        0.0008767506        0.0011374355
       92.3370666504        0.0000719775        0.0001616906        0.0002868649        0.0004465270        0.0006400752        0.0008663148        0.0011239473
       92.3370666504        0.0000719775        0.0001616906        0.0002868649        0.0004465270        0.0006400752        0.0008663148        0.0011239473
       92.3370666504        0.0000719775        0.0001616906        0.0002868649        0.0004465270        0.0006400752        0.0008663148        0.0011239473
       92.3370666504        0.0000719775        0.0001616906        0.0002868649        0.0004465270        0.0006400752        0.0008663148        0.0011239473
       92.3370666504        0.0000719775        0.0001616906        0.0002868649        0.0004465270        0.0006400752        0.0008663148        0.0011239473
       92.3370666504        0.0000719775        0.0001616906        0.0002868649        0.0004465270        0.0006400752        0.0008663148        0.0011239473
       92.3370666504        0.0000719775        0.0001616906        0.0002868649        0.0004465270        0.0006400752        0.0008663148        0.0011239473
       92.3370666504        0.0000719775        0.0001616906        0.0002868649        0.0004465270        0.0006400752        0.0008663148        0.0011239473
       95.3587188721        0.0000641569        0.0001441373        0.0002557567        0.0003981990        0.0005709615        0.0007730415        0.0010033481
       95.3587188721        0.0000641569        0.0001441373        0.0002557567        0.0003981990        0.0005709615        0.0007730415        0.0010033481
       95.3587188721        0.0000641569        0.0001441373        0.0002557567        0.0003981990        0.0005709615        0.0007730415        0.0010033481
       95.3587188721        0.0000641569        0.0001441373        0.0002557567        0.0003981990        0.0005709615        0.0007730415        0.0010033481
       95.3587188721        0.0000641569        0.0001441373        0.0002557567        0.0003981990        0.0005709615        0.0007730415        0.0010033481
       95.3587188721        0.0000641569        0.0001441373        0.0002557567        0.0003981990        0.0005709615        0.0007730415        0.0010033481
       95.3587188721        0.0000641569        0.0001441373        0.0002557567        0.0003981990        0.0005709615        0.0007730415        0.0010033481
       95.3587188721        0.0000641569        0.0001441373        0.0002557567        0.0003981990        0.0005709615        0.0007730415        0.0010033481
       95.3587188721        0.0000641569        0.0001441373        0.0002557567        0.0003981990        0.0005709615        0.0007730415        0.0010033481
       95.3587188721        0.0000641569        0.0001441373        0.0002557567        0.0003981990        0.0005709615        0.0007730415        0.0010033481
       95.5545730591        0.0000636946        0.0001430996        0.0002539174        0.0003953410        0.0005668732        0.0007675225        0.0009962096
       95.5545730591        0.0000636946        0.0001430996        0.0002539174        0.0003953410        0.0005668732        0.0007675225        0.0009962096
       95.5545730591        0.0000636946        0.0001430996        0.0002539174        0.0003953410        0.0005668732        0.0007675225        0.0009962096
       95.5545730591        0.0000636946        0.0001430996        0.0002539174        0.0003953410        0.0005668732        0.0007675225        0.0009962096
       97.2332687378        0.0000599292        0.0001346469        0.0002389347        0.0003720575        0.0005335632        0.0007225480        0.0009380281
       97.2332687378        0.0000599292        0.0001346469        0.0002389347        0.0003720575        0.0005335632        0.0007225480        0.0009380281
       97.2332687378        0.0000599292        0.0001346469        0.0002389347        0.0003720575        0.0005335632        0.0007225480        0.0009380281
       97.2332687378        0.0000599292        0.0001346469        0.0002389347        0.0003720575        0.0005335632        0.0007225480        0.0009380281
       97.2332687378        0.0000599292        0.0001346469        0.0002389347        0.0003720575        0.0005335632        0.0007225480        0.0009380281
       97.2332687378        0.0000599292        0.0001346469        0.0002389347        0.0003720575        0.0005335632        0.0007225480        0.0009380281
       97.6529464722        0.0000590400        0.0001326507        0.0002353962        0.0003665579        0.0005256941        0.0007119216        0.0009242783
       97.6529464722        0.0000590400        0.0001326507        0.0002353962        0.0003665579        0.0005256941        0.0007119216        0.0009242783
       97.7012329102        0.0000589389        0.0001324239        0.0002349941        0.0003659330        0.0005247999        0.0007107140        0.0009227157
       97.7012329102        0.0000589389        0.0001324239        0.0002349941        0.0003659330        0.0005247999        0.0007107140        0.0009227157
       97.7012329102        0.0000589389        0.0001324239        0.0002349941        0.0003659330        0.0005247999        0.0007107140        0.0009227157
       97.7012329102        0.0000589389        0.0001324239        0.0002349941        0.0003659330        0.0005247999        0.0007107140        0.0009227157
       97.7012329102        0.0000589389        0.0001324239        0.0002349941        0.0003659330        0.0005247999        0.0007107140        0.0009227157
       97.7012329102        0.0000589389        0.0001324239        0.0002349941        0.0003659330        0.0005247999        0.0007107140        0.0009227157
       97.7012329102        0.0000589389        0.0001324239        0.0002349941        0.0003659330        0.0005247999        0.0007107140        0.0009227157
       97.7012329102        0.0000589389        0.0001324239        0.0002349941        0.0003659330        0.0005247999        0.0007107140        0.0009227157
       97.7012329102        0.0000589389        0.0001324239        0.0002349941        0.0003659330        0.0005247999        0.0007107140        0.0009227157
       97.7012329102        0.0000589389        0.0001324239        0.0002349941        0.0003659330        0.0005247999        0.0007107140        0.0009227157
       97.7012329102        0.0000589389        0.0001324239        0.0002349941        0.0003659330        0.0005247999        0.0007107140        0.0009227157
       97.7012329102        0.0000589389        0.0001324239        0.0002349941        0.0003659330        0.0005247999        0.0007107140        0.0009227157
       97.7012329102        0.0000589389        0.0001324239        0.0002349941        0.0003659330        0.0005247999        0.0007107140        0.0009227157
       97.7012329102        0.0000589389        0.0001324239        0.0002349941        0.0003659330        0.0005247999        0.0007107140        0.0009227157
      102.7373275757        0.0000496732        0.0001116206        0.0001981114        0.0003085940        0.0004427307        0.0005998427        0.0007791894
      102.7373275757        0.0000496732        0.0001116206        0.0001981114        0.0003085940        0.0004427307        0.0005998427        0.0007791894
      102.7373275757        0.0000496732        0.0001116206        0.0001981114        0.0003085940        0.0004427307        0.0005998427        0.0007791894
      102.7373275757        0.0000496732        0.0001116206        0.0001981114        0.0003085940        0.0004427307        0.0005998427        0.0007791894
      102.7373275757        0.0000496732        0.0001116206        0.0001981114        0.0003085940        0.0004427307        0.0005998427        0.0007791894
      102.7373275757        0.0000496732        0.0001116206        0.0001981114        0.0003085940        0.0004427307        0.0005998427        0.0007791894
      102.7373275757        0.0000496732        0.0001116206        0.0001981114        0.0003085940        0.0004427307        0.0005998427        0.0007791894
      102.7373275757        0.0000496732        0.0001116206        0.0001981114        0.0003085940        0.0004427307        0.0005998427        0.0007791894
      102.7373275757        0.0000496732        0.0001116206        0.0001981114        0.0003085940        0.0004427307        0.0005998427        0.0007791894
      102.7373275757        0.0000496732        0.0001116206        0.0001981114        0.0003085940        0.0004427307        0.0005998427        0.0007791894
      102.7373275757        0.0000496732        0.0001116206        0.0001981114        0.0003085940        0.0004427307        0.0005998427        0.0007791894
      102.7373275757        0.0000496732        0.0001116206        0.0001981114        0.0003085940        0.0004427307        0.0005998427        0.0007791894
      102.7373275757        0.0000496732        0.0001116206        0.0001981114        0.0003085940        0.0004427307        0.0005998427        0.0007791894
      102.7373275757        0.0000496732        0.0001116206        0.0001981114        0.0003085940        0.0004427307        0.0005998427        0.0007791894
      102.7373275757        0.0000496732        0.0001116206        0.0001981114        0.0003085940        0.0004427307        0.0005998427        0.0007791894
      102.7373275757        0.0000496732        0.0001116206        0.0001981114        0.0003085940        0.0004427307        0.0005998427        0.0007791894
      103.1010437012        0.0000490903        0.0001103117        0.0001957905        0.0003049848        0.0004375633        0.0005928591        0.0007701447
      103.1010437012        0.0000490903        0.0001103117        0.0001957905        0.0003049848        0.0004375633        0.0005928591        0.0007701447
      103.1010437012        0.0000490903        0.0001103117        0.0001957905        0.0003049848        0.0004375633        0.0005928591        0.0007701447
      103.1010437012        0.0000490903        0.0001103117        0.0001957905        0.0003049848        0.0004375633        0.0005928591        0.0007701447
      103.1010437012        0.0000490903        0.0001103117        0.0001957905        0.0003049848        0.0004375633        0.0005928591        0.0007701447
      103.1010437012        0.0000490903        0.0001103117        0.0001957905        0.0003049848        0.0004375633        0.0005928591        0.0007701447
      103.1010437012        0.0000490903        0.0001103117        0.0001957905        0.0003049848        0.0004375633        0.0005928591        0.0007701447
      103.1010437012        0.0000490903        0.0001103117        0.0001957905        0.0003049848        0.0004375633        0.0005928591        0.0007701447
      103.1010437012        0.0000490903        0.0001103117        0.0001957905        0.0003049848        0.0004375633        0.0005928591        0.0007701447
      103.1010437012        0.0000490903        0.0001103117        0.0001957905        0.0003049848        0.0004375633        0.0005928591        0.0007701447
      106.7941894531        0.0000437105        0.0000982307        0.0001743665        0.0002716642        0.0003898469        0.0005283559        0.0006865808
      106.7941894531        0.0000437105        0.0000982307        0.0001743665        0.0002716642        0.0003898469        0.0005283559        0.0006865808
      106.7941894531        0.0000437105        0.0000982307        0.0001743665        0.0002716642        0.0003898469        0.0005283559        0.0006865808
      106.7941894531        0.0000437105        0.0000982307        0.0001743665        0.0002716642        0.0003898469        0.0005283559        0.0006865808
      106.7941894531        0.0000437105        0.0000982307        0.0001743665        0.0002716642        0.0003898469        0.0005283559        0.0006865808
      106.7941894531        0.0000437105        0.0000982307        0.0001743665        0.0002716642        0.0003898469        0.0005283559        0.0006865808
      106.7941894531        0.0000437105        0.0000982307        0.0001743665        0.0002716642        0.0003898469        0.0005283559        0.0006865808
      106.7941894531        0.0000437105        0.0000982307        0.0001743665        0.0002716642        0.0003898469        0.0005283559        0.0006865808
      106.7941894531        0.0000437105        0.0000982307        0.0001743665        0.0002716642        0.0003898469        0.0005283559        0.0006865808
      106.7941894531        0.0000437105        0.0000982307        0.0001743665        0.0002716642        0.0003898469        0.0005283559        0.0006865808
      106.7941894531        0.0000437105        0.0000982307        0.0001743665        0.0002716642        0.0003898469        0.0005283559        0.0006865808
      106.7941894531        0.0000437105        0.0000982307        0.0001743665        0.0002716642        0.0003898469        0.0005283559        0.0006865808
      107.0459976196        0.0000433764        0.0000974803        0.0001730356        0.0002695939        0.0003868815        0.0005243463        0.0006813849
      107.0459976196        0.0000433764        0.0000974803        0.0001730356        0.0002695939        0.0003868815        0.0005243463        0.0006813849
      107.0459976196        0.0000433764        0.0000974803        0.0001730356        0.0002695939        0.0003868815        0.0005243463        0.0006813849
      107.0459976196        0.0000433764        0.0000974803        0.0001730356        0.0002695939        0.0003868815        0.0005243463        0.0006813849
      107.0459976196        0.0000433764        0.0000974803        0.0001730356        0.0002695939        0.0003868815        0.0005243463        0.0006813849
      107.0459976196        0.0000433764        0.0000974803        0.0001730356        0.0002695939        0.0003868815        0.0005243463        0.0006813849
      109.3961791992        0.0000404342        0.0000908725        0.0001613159        0.0002513615        0.0003607639        0.0004890270        0.0006356083
      109.3961791992        0.0000404342        0.0000908725        0.0001613159        0.0002513615        0.0003607639        0.0004890270        0.0006356083
      109.3961791992        0.0000404342        0.0000908725        0.0001613159        0.0002513615        0.0003607639        0.0004890270        0.0006356083
      109.3961791992        0.0000404342        0.0000908725        0.0001613159        0.0002513615        0.0003607639        0.0004890270        0.0006356083
      109.3961791992        0.0000404342        0.0000908725        0.0001613159        0.0002513615        0.0003607639        0.0004890270        0.0006356083
      109.3961791992        0.0000404342        0.0000908725        0.0001613159        0.0002513615        0.0003607639        0.0004890270        0.0006356083
      109.3961791992        0.0000404342        0.0000908725        0.0001613159        0.0002513615        0.0003607639        0.0004890270        0.0006356083
      109.3961791992        0.0000404342        0.0000908725        0.0001613159        0.0002513615        0.0003607639        0.0004890270        0.0006356083
      109.5360641479        0.0000402686        0.0000905006        0.0001606562        0.0002503351        0.0003592935        0.0004870382        0.0006330302
      109.5360641479        0.0000402686        0.0000905006        0.0001606562        0.0002503351        0.0003592935        0.0004870382        0.0006330302
      110.5432891846        0.0000391057        0.0000878887        0.0001560233        0.0002431268        0.0003489661        0.0004730696        0.0006149217
      110.5432891846        0.0000391057        0.0000878887        0.0001560233        0.0002431268        0.0003489661        0.0004730696        0.0006149217
      110.5432891846        0.0000391057        0.0000878887        0.0001560233        0.0002431268        0.0003489661        0.0004730696        0.0006149217
      110.5432891846        0.0000391057        0.0000878887        0.0001560233        0.0002431268        0.0003489661        0.0004730696        0.0006149217
