    2  660   -0.028871715523
  331  660    0.999165728033
    1  659    0.028871715523
  332  659    0.999165728033
    4  658   -0.043101743534
  333  658    0.998138775548
    3  657    0.043101743534
  334  657    0.998138775548
    6  656   -0.043101743534
  335  656    0.998138775548
    5  655    0.043101743534
  336  655    0.998138775548
    8  654   -0.053957463492
  337  654    0.997080066120
    7  653    0.053957463492
  338  653    0.997080066120
   10  652   -0.087440422483
  339  652    0.992294802447
    9  651    0.087440422483
  340  651    0.992294802447
   12  650   -0.087440422483
  341  650    0.992294802447
   11  649    0.087440422483
  342  649    0.992294802447
   14  648   -0.087440422483
  343  648    0.992294802447
   13  647    0.087440422483
  344  647    0.992294802447
   16  646   -0.114207974247
  345  646    0.986781818291
   15  645    0.114207974247
  346  645    0.986781818291
   18  644   -0.206085130175
  347  644    0.955553420710
   17  643    0.206085130175
  348  643    0.955553420710
   20  642   -0.206085130175
  349  642    0.955553420710
   19  641    0.206085130175
  350  641    0.955553420710
   22  640   -0.499301764739
  351  640    0.473585085113
   21  639    0.499301764739
  352  639    0.473585085113
   24  638   -0.499301764739
  353  638    0.473585085113
   23  637    0.499301764739
  354  637    0.473585085113
   26  636   -0.499301764739
  355  636    0.473585085113
   25  635    0.499301764739
  356  635    0.473585085113
   28  634   -0.499301764739
  357  634    0.473585085113
   27  633    0.499301764739
  358  633    0.473585085113
   30  632   -0.174176496568
  359  632    0.031318287061
   29  631    0.174176496568
  360  631    0.031318287061
   32  630   -0.174176496568
  361  630    0.031318287061
   31  629    0.174176496568
  362  629    0.031318287061
   34  628   -0.116959950673
  363  628    0.013872064227
   33  627    0.116959950673
  364  627    0.013872064227
   36  626   -0.116959950673
  365  626    0.013872064227
   35  625    0.116959950673
  366  625    0.013872064227
   38  624   -0.116959950673
  367  624    0.013872064227
   37  623    0.116959950673
  368  623    0.013872064227
   40  622   -0.109638227577
  369  622    0.012168616166
   39  621    0.109638227577
  370  621    0.012168616166
   42  620   -0.083914189933
  371  620    0.007091886121
   41  619    0.083914189933
  372  619    0.007091886121
   44  618   -0.083914189933
  373  618    0.007091886121
   43  617    0.083914189933
  374  617    0.007091886121
   46  616   -0.083914189933
  375  616    0.007091886121
   45  615    0.083914189933
  376  615    0.007091886121
   48  614   -0.083914189933
  377  614    0.007091886121
   47  613    0.083914189933
  378  613    0.007091886121
   50  612   -0.083914189933
  379  612    0.007091886121
   49  611    0.083914189933
  380  611    0.007091886121
   52  610   -0.053596220681
  381  610    0.002880854192
   51  609    0.053596220681
  382  609    0.002880854192
   54  608   -0.053596220681
  383  608    0.002880854192
   53  607    0.053596220681
  384  607    0.002880854192
   56  606   -0.053596220681
  385  606    0.002880854192
   55  605    0.053596220681
  386  605    0.002880854192
   58  604   -0.049863369986
  387  604    0.002492568564
   57  603    0.049863369986
  388  603    0.002492568564
   60  602   -0.049863369986
  389  602    0.002492568564
   59  601    0.049863369986
  390  601    0.002492568564
   62  600   -0.049863369986
  391  600    0.002492568564
   61  599    0.049863369986
  392  599    0.002492568564
   64  598   -0.049863369986
  393  598    0.002492568564
   63  597    0.049863369986
  394  597    0.002492568564
   66  596   -0.044254122073
  395  596    0.001962277855
   65  595    0.044254122073
  396  595    0.001962277855
   68  594   -0.043231243619
  397  594    0.001872446481
   67  593    0.043231243619
  398  593    0.001872446481
   70  592   -0.043231243619
  399  592    0.001872446481
   69  591    0.043231243619
  400  591    0.001872446481
   72  590   -0.043231243619
  401  590    0.001872446481
   71  589    0.043231243619
  402  589    0.001872446481
   74  588   -0.043231243619
  403  588    0.001872446481
   73  587    0.043231243619
  404  587    0.001872446481
   76  586   -0.043231243619
  405  586    0.001872446481
   75  585    0.043231243619
  406  585    0.001872446481
   78  584   -0.043231243619
  407  584    0.001872446481
   77  583    0.043231243619
  408  583    0.001872446481
   80  582   -0.043110305426
  409  582    0.001861965349
   79  581    0.043110305426
  410  581    0.001861965349
   82  580   -0.043110305426
  411  580    0.001861965349
   81  579    0.043110305426
  412  579    0.001861965349
   84  578   -0.032282965088
  413  578    0.001043278264
   83  577    0.032282965088
  414  577    0.001043278264
   86  576   -0.032282965088
  415  576    0.001043278264
   85  575    0.032282965088
  416  575    0.001043278264
   88  574   -0.032282965088
  417  574    0.001043278264
   87  573    0.032282965088
  418  573    0.001043278264
   90  572   -0.032282965088
  419  572    0.001043278264
   89  571    0.032282965088
  420  571    0.001043278264
   92  570   -0.031258125504
  421  570    0.000978026947
   91  569    0.031258125504
  422  569    0.000978026947
   94  568   -0.031258125504
  423  568    0.000978026947
   93  567    0.031258125504
  424  567    0.000978026947
   96  566   -0.031258125504
  425  566    0.000978026947
   95  565    0.031258125504
  426  565    0.000978026947
   98  564   -0.031258125504
  427  564    0.000978026947
   97  563    0.031258125504
  428  563    0.000978026947
  100  562   -0.031258125504
  429  562    0.000978026947
   99  561    0.031258125504
  430  561    0.000978026947
  102  560   -0.028838743143
  431  560    0.000832365939
  101  559    0.028838743143
  432  559    0.000832365939
  104  558   -0.028838743143
  433  558    0.000832365939
  103  557    0.028838743143
  434  557    0.000832365939
  106  556   -0.028838743143
  435  556    0.000832365939
  105  555    0.028838743143
  436  555    0.000832365939
  108  554   -0.028838743143
  437  554    0.000832365939
  107  553    0.028838743143
  438  553    0.000832365939
  110  552   -0.028838743143
  439  552    0.000832365939
  109  551    0.028838743143
  440  551    0.000832365939
  112  550   -0.028838743143
  441  550    0.000832365939
  111  549    0.028838743143
  442  549    0.000832365939
  114  548   -0.028838743143
  443  548    0.000832365939
  113  547    0.028838743143
  444  547    0.000832365939
  116  546   -0.027735214406
  445  546    0.000769834764
  115  545    0.027735214406
  446  545    0.000769834764
  118  544   -0.027735214406
  447  544    0.000769834764
  117  543    0.027735214406
  448  543    0.000769834764
  120  542   -0.027307662081
  449  542    0.000746265320
  119  541    0.027307662081
  450  541    0.000746265320
  122  540   -0.027307662081
  451  540    0.000746265320
  121  539    0.027307662081
  452  539    0.000746265320
  124  538   -0.027307662081
  453  538    0.000746265320
  123  537    0.027307662081
  454  537    0.000746265320
  126  536   -0.025991076255
  455  536    0.000675993011
  125  535    0.025991076255
  456  535    0.000675993011
  128  534   -0.023628490425
  457  534    0.000558617613
  127  533    0.023628490425
  458  533    0.000558617613
  130  532   -0.023628490425
  459  532    0.000558617613
  129  531    0.023628490425
  460  531    0.000558617613
  132  530   -0.023628490425
  461  530    0.000558617613
  131  529    0.023628490425
  462  529    0.000558617613
  134  528   -0.023628490425
  463  528    0.000558617613
  133  527    0.023628490425
  464  527    0.000558617613
  136  526   -0.023628490425
  465  526    0.000558617613
  135  525    0.023628490425
  466  525    0.000558617613
  138  524   -0.022142608220
  467  524    0.000490535724
  137  523    0.022142608220
  468  523    0.000490535724
  140  522   -0.022142608220
  469  522    0.000490535724
  139  521    0.022142608220
  470  521    0.000490535724
  142  520   -0.022142608220
  471  520    0.000490535724
  141  519    0.022142608220
  472  519    0.000490535724
  144  518   -0.022142608220
  473  518    0.000490535724
  143  517    0.022142608220
  474  517    0.000490535724
  146  516   -0.022142608220
  475  516    0.000490535724
  145  515    0.022142608220
  476  515    0.000490535724
  148  514   -0.022142608220
  477  514    0.000490535724
  147  513    0.022142608220
  478  513    0.000490535724
  150  512   -0.021464189988
  479  512    0.000460923903
  149  511    0.021464189988
  480  511    0.000460923903
  152  510   -0.021464189988
  481  510    0.000460923903
  151  509    0.021464189988
  482  509    0.000460923903
  154  508   -0.021464189988
  483  508    0.000460923903
  153  507    0.021464189988
  484  507    0.000460923903
  156  506   -0.021464189988
  485  506    0.000460923903
  155  505    0.021464189988
  486  505    0.000460923903
  158  504   -0.021464189988
  487  504    0.000460923903
  157  503    0.021464189988
  488  503    0.000460923903
  160  502   -0.021464189988
  489  502    0.000460923903
  159  501    0.021464189988
  490  501    0.000460923903
  162  500   -0.021464189988
  491  500    0.000460923903
  161  499    0.021464189988
  492  499    0.000460923903
  164  498   -0.021464189988
  493  498    0.000460923903
  163  497    0.021464189988
  494  497    0.000460923903
  166  496   -0.020930922359
  495  496    0.000438295614
  165  495    0.020930922359
  496  495    0.000438295614
  168  494   -0.020930922359
  497  494    0.000438295614
  167  493    0.020930922359
  498  493    0.000438295614
  170  492   -0.020930922359
  499  492    0.000438295614
  169  491    0.020930922359
  500  491    0.000438295614
  172  490   -0.020167858808
  501  490    0.000406908103
  171  489    0.020167858808
  502  489    0.000406908103
  174  488   -0.020167858808
  503  488    0.000406908103
  173  487    0.020167858808
  504  487    0.000406908103
  176  486   -0.020167858808
  505  486    0.000406908103
  175  485    0.020167858808
  506  485    0.000406908103
  178  484   -0.020167858808
  507  484    0.000406908103
  177  483    0.020167858808
  508  483    0.000406908103
  180  482   -0.019593822496
  509  482    0.000384065386
  179  481    0.019593822496
  510  481    0.000384065386
  182  480   -0.019300822522
  511  480    0.000372660626
  181  479    0.019300822522
  512  479    0.000372660626
  184  478   -0.019300822522
  513  478    0.000372660626
  183  477    0.019300822522
  514  477    0.000372660626
  186  476   -0.018636305840
  515  476    0.000347432605
  185  475    0.018636305840
  516  475    0.000347432605
  188  474   -0.018636305840
  517  474    0.000347432605
  187  473    0.018636305840
  518  473    0.000347432605
  190  472   -0.018636305840
  519  472    0.000347432605
  189  471    0.018636305840
  520  471    0.000347432605
  192  470   -0.018636305840
  521  470    0.000347432605
  191  469    0.018636305840
  522  469    0.000347432605
  194  468   -0.018636305840
  523  468    0.000347432605
  193  467    0.018636305840
  524  467    0.000347432605
  196  466   -0.018636305840
  525  466    0.000347432605
  195  465    0.018636305840
  526  465    0.000347432605
  198  464   -0.017442749506
  527  464    0.000304342134
  197  463    0.017442749506
  528  463    0.000304342134
  200  462   -0.017442749506
  529  462    0.000304342134
  199  461    0.017442749506
  530  461    0.000304342134
  202  460   -0.017442749506
  531  460    0.000304342134
  201  459    0.017442749506
  532  459    0.000304342134
  204  458   -0.017442749506
  533  458    0.000304342134
  203  457    0.017442749506
  534  457    0.000304342134
  206  456   -0.017442749506
  535  456    0.000304342134
  205  455    0.017442749506
  536  455    0.000304342134
  208  454   -0.017442749506
  537  454    0.000304342134
  207  453    0.017442749506
  538  453    0.000304342134
  210  452   -0.017442749506
  539  452    0.000304342134
  209  451    0.017442749506
  540  451    0.000304342134
  212  450   -0.017442749506
  541  450    0.000304342134
  211  449    0.017442749506
  542  449    0.000304342134
  214  448   -0.017442749506
  543  448    0.000304342134
  213  447    0.017442749506
  544  447    0.000304342134
  216  446   -0.017037129042
  545  446    0.000290348068
  215  445    0.017037129042
  546  445    0.000290348068
  218  444   -0.017037129042
  547  444    0.000290348068
  217  443    0.017037129042
  548  443    0.000290348068
  220  442   -0.017037129042
  549  442    0.000290348068
  219  441    0.017037129042
  550  441    0.000290348068
  222  440   -0.017037129042
  551  440    0.000290348068
  221  439    0.017037129042
  552  439    0.000290348068
  224  438   -0.017037129042
  553  438    0.000290348068
  223  437    0.017037129042
  554  437    0.000290348068
  226  436   -0.017037129042
  555  436    0.000290348068
  225  435    0.017037129042
  556  435    0.000290348068
  228  434   -0.017037129042
  557  434    0.000290348068
  227  433    0.017037129042
  558  433    0.000290348068
  230  432   -0.016934656709
  559  432    0.000286864889
  229  431    0.016934656709
  560  431    0.000286864889
  232  430   -0.016934656709
  561  430    0.000286864889
  231  429    0.016934656709
  562  429    0.000286864889
  234  428   -0.016934656709
  563  428    0.000286864889
  233  427    0.016934656709
  564  427    0.000286864889
  236  426   -0.016934656709
  565  426    0.000286864889
  235  425    0.016934656709
  566  425    0.000286864889
  238  424   -0.015990350419
  567  424    0.000255756718
  237  423    0.015990350419
  568  423    0.000255756718
  240  422   -0.015990350419
  569  422    0.000255756718
  239  421    0.015990350419
  570  421    0.000255756718
  242  420   -0.015990350419
  571  420    0.000255756718
  241  419    0.015990350419
  572  419    0.000255756718
  244  418   -0.015990350419
  573  418    0.000255756718
  243  417    0.015990350419
  574  417    0.000255756718
  246  416   -0.015990350419
  575  416    0.000255756718
  245  415    0.015990350419
  576  415    0.000255756718
  248  414   -0.015932762698
  577  414    0.000253917401
  247  413    0.015932762698
  578  413    0.000253917401
  250  412   -0.015932762698
  579  412    0.000253917401
  249  411    0.015932762698
  580  411    0.000253917401
  252  410   -0.015455666280
  581  410    0.000238934710
  251  409    0.015455666280
  582  409    0.000238934710
  254  408   -0.015455666280
  583  408    0.000238934710
  253  407    0.015455666280
  584  407    0.000238934710
  256  406   -0.015455666280
  585  406    0.000238934710
  255  405    0.015455666280
  586  405    0.000238934710
  258  404   -0.015340820363
  587  404    0.000235396181
  257  403    0.015340820363
  588  403    0.000235396181
  260  402   -0.015327715990
  589  402    0.000234994100
  259  401    0.015327715990
  590  401    0.000234994100
  262  400   -0.015327715990
  591  400    0.000234994100
  261  399    0.015327715990
  592  399    0.000234994100
  264  398   -0.015327715990
  593  398    0.000234994100
  263  397    0.015327715990
  594  397    0.000234994100
  266  396   -0.015327715990
  595  396    0.000234994100
  265  395    0.015327715990
  596  395    0.000234994100
  268  394   -0.015327715990
  597  394    0.000234994100
  267  393    0.015327715990
  598  393    0.000234994100
  270  392   -0.015327715990
  599  392    0.000234994100
  269  391    0.015327715990
  600  391    0.000234994100
  272  390   -0.015327715990
  601  390    0.000234994100
  271  389    0.015327715990
  602  389    0.000234994100
  274  388   -0.014073810148
  603  388    0.000198111380
  273  387    0.014073810148
  604  387    0.000198111380
  276  386   -0.014073810148
  605  386    0.000198111380
  275  385    0.014073810148
  606  385    0.000198111380
  278  384   -0.014073810148
  607  384    0.000198111380
  277  383    0.014073810148
  608  383    0.000198111380
  280  382   -0.014073810148
  609  382    0.000198111380
  279  381    0.014073810148
  610  381    0.000198111380
  282  380   -0.014073810148
  611  380    0.000198111380
  281  379    0.014073810148
  612  379    0.000198111380
  284  378   -0.014073810148
  613  378    0.000198111380
  283  377    0.014073810148
  614  377    0.000198111380
  286  376   -0.014073810148
  615  376    0.000198111380
  285  375    0.014073810148
  616  375    0.000198111380
  288  374   -0.014073810148
  617  374    0.000198111380
  287  373    0.014073810148
  618  373    0.000198111380
  290  372   -0.013991144373
  619  372    0.000195790455
  289  371    0.013991144373
  620  371    0.000195790455
  292  370   -0.013991144373
  621  370    0.000195790455
  291  369    0.013991144373
  622  369    0.000195790455
  294  368   -0.013991144373
  623  368    0.000195790455
  293  367    0.013991144373
  624  367    0.000195790455
  296  366   -0.013991144373
  625  366    0.000195790455
  295  365    0.013991144373
  626  365    0.000195790455
  298  364   -0.013991144373
  627  364    0.000195790455
  297  363    0.013991144373
  628  363    0.000195790455
  300  362   -0.013203641318
  629  362    0.000174366548
  299  361    0.013203641318
  630  361    0.000174366548
  302  360   -0.013203641318
  631  360    0.000174366548
  301  359    0.013203641318
  632  359    0.000174366548
  304  358   -0.013203641318
  633  358    0.000174366548
  303  357    0.013203641318
  634  357    0.000174366548
  306  356   -0.013203641318
  635  356    0.000174366548
  305  355    0.013203641318
  636  355    0.000174366548
  308  354   -0.013203641318
  637  354    0.000174366548
  307  353    0.013203641318
  638  353    0.000174366548
  310  352   -0.013203641318
  639  352    0.000174366548
  309  351    0.013203641318
  640  351    0.000174366548
  312  350   -0.013153162153
  641  350    0.000173035616
  311  349    0.013153162153
  642  349    0.000173035616
  314  348   -0.013153162153
  643  348    0.000173035616
  313  347    0.013153162153
  644  347    0.000173035616
  316  346   -0.013153162153
  645  346    0.000173035616
  315  345    0.013153162153
  646  345    0.000173035616
  318  344   -0.012699994056
  647  344    0.000161315872
  317  343    0.012699994056
  648  343    0.000161315872
  320  342   -0.012699994056
  649  342    0.000161315872
  319  341    0.012699994056
  650  341    0.000161315872
  322  340   -0.012699994056
  651  340    0.000161315872
  321  339    0.012699994056
  652  339    0.000161315872
  324  338   -0.012699994056
  653  338    0.000161315872
  323  337    0.012699994056
  654  337    0.000161315872
  326  336   -0.012674003365
  655  336    0.000160656172
  325  335    0.012674003365
  656  335    0.000160656172
  328  334   -0.012489954556
  657  334    0.000156023308
  327  333    0.012489954556
  658  333    0.000156023308
  330  332   -0.012489954556
  659  332    0.000156023308
  329  331    0.012489954556
  660  331    0.000156023308
    1  330   -0.999165728033
  332  330    0.028871715523
    2  329   -0.999165728033
  331  329   -0.028871715523
    3  328   -0.998138775548
  334  328    0.043101743534
    4  327   -0.998138775548
  333  327   -0.043101743534
    5  326   -0.998138775548
  336  326    0.043101743534
    6  325   -0.998138775548
  335  325   -0.043101743534
    7  324   -0.997080066120
  338  324    0.053957463492
    8  323   -0.997080066120
  337  323   -0.053957463492
    9  322   -0.992294802447
  340  322    0.087440422483
   10  321   -0.992294802447
  339  321   -0.087440422483
   11  320   -0.992294802447
  342  320    0.087440422483
   12  319   -0.992294802447
  341  319   -0.087440422483
   13  318   -0.992294802447
  344  318    0.087440422483
   14  317   -0.992294802447
  343  317   -0.087440422483
   15  316   -0.986781818291
  346  316    0.114207974247
   16  315   -0.986781818291
  345  315   -0.114207974247
   17  314   -0.955553420710
  348  314    0.206085130175
   18  313   -0.955553420710
  347  313   -0.206085130175
   19  312   -0.955553420710
  350  312    0.206085130175
   20  311   -0.955553420710
  349  311   -0.206085130175
   21  310   -0.473585085113
  352  310    0.499301764739
   22  309   -0.473585085113
  351  309   -0.499301764739
   23  308   -0.473585085113
  354  308    0.499301764739
   24  307   -0.473585085113
  353  307   -0.499301764739
   25  306   -0.473585085113
  356  306    0.499301764739
   26  305   -0.473585085113
  355  305   -0.499301764739
   27  304   -0.473585085113
  358  304    0.499301764739
   28  303   -0.473585085113
  357  303   -0.499301764739
   29  302   -0.031318287061
  360  302    0.174176496568
   30  301   -0.031318287061
  359  301   -0.174176496568
   31  300   -0.031318287061
  362  300    0.174176496568
   32  299   -0.031318287061
  361  299   -0.174176496568
   33  298   -0.013872064227
  364  298    0.116959950673
   34  297   -0.013872064227
  363  297   -0.116959950673
   35  296   -0.013872064227
  366  296    0.116959950673
   36  295   -0.013872064227
  365  295   -0.116959950673
   37  294   -0.013872064227
  368  294    0.116959950673
   38  293   -0.013872064227
  367  293   -0.116959950673
   39  292   -0.012168616166
  370  292    0.109638227577
   40  291   -0.012168616166
  369  291   -0.109638227577
   41  290   -0.007091886121
  372  290    0.083914189933
   42  289   -0.007091886121
  371  289   -0.083914189933
   43  288   -0.007091886121
  374  288    0.083914189933
   44  287   -0.007091886121
  373  287   -0.083914189933
   45  286   -0.007091886121
  376  286    0.083914189933
   46  285   -0.007091886121
  375  285   -0.083914189933
   47  284   -0.007091886121
  378  284    0.083914189933
   48  283   -0.007091886121
  377  283   -0.083914189933
   49  282   -0.007091886121
  380  282    0.083914189933
   50  281   -0.007091886121
  379  281   -0.083914189933
   51  280   -0.002880854192
  382  280    0.053596220681
   52  279   -0.002880854192
  381  279   -0.053596220681
   53  278   -0.002880854192
  384  278    0.053596220681
   54  277   -0.002880854192
  383  277   -0.053596220681
   55  276   -0.002880854192
  386  276    0.053596220681
   56  275   -0.002880854192
  385  275   -0.053596220681
   57  274   -0.002492568564
  388  274    0.049863369986
   58  273   -0.002492568564
  387  273   -0.049863369986
   59  272   -0.002492568564
  390  272    0.049863369986
   60  271   -0.002492568564
  389  271   -0.049863369986
   61  270   -0.002492568564
  392  270    0.049863369986
   62  269   -0.002492568564
  391  269   -0.049863369986
   63  268   -0.002492568564
  394  268    0.049863369986
   64  267   -0.002492568564
  393  267   -0.049863369986
   65  266   -0.001962277855
  396  266    0.044254122073
   66  265   -0.001962277855
  395  265   -0.044254122073
   67  264   -0.001872446481
  398  264    0.043231243619
   68  263   -0.001872446481
  397  263   -0.043231243619
   69  262   -0.001872446481
  400  262    0.043231243619
   70  261   -0.001872446481
  399  261   -0.043231243619
   71  260   -0.001872446481
  402  260    0.043231243619
   72  259   -0.001872446481
  401  259   -0.043231243619
   73  258   -0.001872446481
  404  258    0.043231243619
   74  257   -0.001872446481
  403  257   -0.043231243619
   75  256   -0.001872446481
  406  256    0.043231243619
   76  255   -0.001872446481
  405  255   -0.043231243619
   77  254   -0.001872446481
  408  254    0.043231243619
   78  253   -0.001872446481
  407  253   -0.043231243619
   79  252   -0.001861965349
  410  252    0.043110305426
   80  251   -0.001861965349
  409  251   -0.043110305426
   81  250   -0.001861965349
  412  250    0.043110305426
   82  249   -0.001861965349
  411  249   -0.043110305426
   83  248   -0.001043278264
  414  248    0.032282965088
   84  247   -0.001043278264
  413  247   -0.032282965088
   85  246   -0.001043278264
  416  246    0.032282965088
   86  245   -0.001043278264
  415  245   -0.032282965088
   87  244   -0.001043278264
  418  244    0.032282965088
   88  243   -0.001043278264
  417  243   -0.032282965088
   89  242   -0.001043278264
  420  242    0.032282965088
   90  241   -0.001043278264
  419  241   -0.032282965088
   91  240   -0.000978026947
  422  240    0.031258125504
   92  239   -0.000978026947
  421  239   -0.031258125504
   93  238   -0.000978026947
  424  238    0.031258125504
   94  237   -0.000978026947
  423  237   -0.031258125504
   95  236   -0.000978026947
  426  236    0.031258125504
   96  235   -0.000978026947
  425  235   -0.031258125504
   97  234   -0.000978026947
  428  234    0.031258125504
   98  233   -0.000978026947
  427  233   -0.031258125504
   99  232   -0.000978026947
  430  232    0.031258125504
  100  231   -0.000978026947
  429  231   -0.031258125504
  101  230   -0.000832365939
  432  230    0.028838743143
  102  229   -0.000832365939
  431  229   -0.028838743143
  103  228   -0.000832365939
  434  228    0.028838743143
  104  227   -0.000832365939
  433  227   -0.028838743143
  105  226   -0.000832365939
  436  226    0.028838743143
  106  225   -0.000832365939
  435  225   -0.028838743143
  107  224   -0.000832365939
  438  224    0.028838743143
  108  223   -0.000832365939
  437  223   -0.028838743143
  109  222   -0.000832365939
  440  222    0.028838743143
  110  221   -0.000832365939
  439  221   -0.028838743143
  111  220   -0.000832365939
  442  220    0.028838743143
  112  219   -0.000832365939
  441  219   -0.028838743143
  113  218   -0.000832365939
  444  218    0.028838743143
  114  217   -0.000832365939
  443  217   -0.028838743143
  115  216   -0.000769834764
  446  216    0.027735214406
  116  215   -0.000769834764
  445  215   -0.027735214406
  117  214   -0.000769834764
  448  214    0.027735214406
  118  213   -0.000769834764
  447  213   -0.027735214406
  119  212   -0.000746265320
  450  212    0.027307662081
  120  211   -0.000746265320
  449  211   -0.027307662081
  121  210   -0.000746265320
  452  210    0.027307662081
  122  209   -0.000746265320
  451  209   -0.027307662081
  123  208   -0.000746265320
  454  208    0.027307662081
  124  207   -0.000746265320
  453  207   -0.027307662081
  125  206   -0.000675993011
  456  206    0.025991076255
  126  205   -0.000675993011
  455  205   -0.025991076255
  127  204   -0.000558617613
  458  204    0.023628490425
  128  203   -0.000558617613
  457  203   -0.023628490425
  129  202   -0.000558617613
  460  202    0.023628490425
  130  201   -0.000558617613
  459  201   -0.023628490425
  131  200   -0.000558617613
  462  200    0.023628490425
  132  199   -0.000558617613
  461  199   -0.023628490425
  133  198   -0.000558617613
  464  198    0.023628490425
  134  197   -0.000558617613
  463  197   -0.023628490425
  135  196   -0.000558617613
  466  196    0.023628490425
  136  195   -0.000558617613
  465  195   -0.023628490425
  137  194   -0.000490535724
  468  194    0.022142608220
  138  193   -0.000490535724
  467  193   -0.022142608220
  139  192   -0.000490535724
  470  192    0.022142608220
  140  191   -0.000490535724
  469  191   -0.022142608220
  141  190   -0.000490535724
  472  190    0.022142608220
  142  189   -0.000490535724
  471  189   -0.022142608220
  143  188   -0.000490535724
  474  188    0.022142608220
  144  187   -0.000490535724
  473  187   -0.022142608220
  145  186   -0.000490535724
  476  186    0.022142608220
  146  185   -0.000490535724
  475  185   -0.022142608220
  147  184   -0.000490535724
  478  184    0.022142608220
  148  183   -0.000490535724
  477  183   -0.022142608220
  149  182   -0.000460923903
  480  182    0.021464189988
  150  181   -0.000460923903
  479  181   -0.021464189988
  151  180   -0.000460923903
  482  180    0.021464189988
  152  179   -0.000460923903
  481  179   -0.021464189988
  153  178   -0.000460923903
  484  178    0.021464189988
  154  177   -0.000460923903
  483  177   -0.021464189988
  155  176   -0.000460923903
  486  176    0.021464189988
  156  175   -0.000460923903
  485  175   -0.021464189988
  157  174   -0.000460923903
  488  174    0.021464189988
  158  173   -0.000460923903
  487  173   -0.021464189988
  159  172   -0.000460923903
  490  172    0.021464189988
  160  171   -0.000460923903
  489  171   -0.021464189988
  161  170   -0.000460923903
  492  170    0.021464189988
  162  169   -0.000460923903
  491  169   -0.021464189988
  163  168   -0.000460923903
  494  168    0.021464189988
  164  167   -0.000460923903
  493  167   -0.021464189988
  165  166   -0.000438295614
  496  166    0.020930922359
  166  165   -0.000438295614
  495  165   -0.020930922359
  167  164   -0.000438295614
  498  164    0.020930922359
  168  163   -0.000438295614
  497  163   -0.020930922359
  169  162   -0.000438295614
  500  162    0.020930922359
  170  161   -0.000438295614
  499  161   -0.020930922359
  171  160   -0.000406908103
  502  160    0.020167858808
  172  159   -0.000406908103
  501  159   -0.020167858808
  173  158   -0.000406908103
  504  158    0.020167858808
  174  157   -0.000406908103
  503  157   -0.020167858808
  175  156   -0.000406908103
  506  156    0.020167858808
  176  155   -0.000406908103
  505  155   -0.020167858808
  177  154   -0.000406908103
  508  154    0.020167858808
  178  153   -0.000406908103
  507  153   -0.020167858808
  179  152   -0.000384065386
  510  152    0.019593822496
  180  151   -0.000384065386
  509  151   -0.019593822496
  181  150   -0.000372660626
  512  150    0.019300822522
  182  149   -0.000372660626
  511  149   -0.019300822522
  183  148   -0.000372660626
  514  148    0.019300822522
  184  147   -0.000372660626
  513  147   -0.019300822522
  185  146   -0.000347432605
  516  146    0.018636305840
  186  145   -0.000347432605
  515  145   -0.018636305840
  187  144   -0.000347432605
  518  144    0.018636305840
  188  143   -0.000347432605
  517  143   -0.018636305840
  189  142   -0.000347432605
  520  142    0.018636305840
  190  141   -0.000347432605
  519  141   -0.018636305840
  191  140   -0.000347432605
  522  140    0.018636305840
  192  139   -0.000347432605
  521  139   -0.018636305840
  193  138   -0.000347432605
  524  138    0.018636305840
  194  137   -0.000347432605
  523  137   -0.018636305840
  195  136   -0.000347432605
  526  136    0.018636305840
  196  135   -0.000347432605
  525  135   -0.018636305840
  197  134   -0.000304342134
  528  134    0.017442749506
  198  133   -0.000304342134
  527  133   -0.017442749506
  199  132   -0.000304342134
  530  132    0.017442749506
  200  131   -0.000304342134
  529  131   -0.017442749506
  201  130   -0.000304342134
  532  130    0.017442749506
  202  129   -0.000304342134
  531  129   -0.017442749506
  203  128   -0.000304342134
  534  128    0.017442749506
  204  127   -0.000304342134
  533  127   -0.017442749506
  205  126   -0.000304342134
  536  126    0.017442749506
  206  125   -0.000304342134
  535  125   -0.017442749506
  207  124   -0.000304342134
  538  124    0.017442749506
  208  123   -0.000304342134
  537  123   -0.017442749506
  209  122   -0.000304342134
  540  122    0.017442749506
  210  121   -0.000304342134
  539  121   -0.017442749506
  211  120   -0.000304342134
  542  120    0.017442749506
  212  119   -0.000304342134
  541  119   -0.017442749506
  213  118   -0.000304342134
  544  118    0.017442749506
  214  117   -0.000304342134
  543  117   -0.017442749506
  215  116   -0.000290348068
  546  116    0.017037129042
  216  115   -0.000290348068
  545  115   -0.017037129042
  217  114   -0.000290348068
  548  114    0.017037129042
  218  113   -0.000290348068
  547  113   -0.017037129042
  219  112   -0.000290348068
  550  112    0.017037129042
  220  111   -0.000290348068
  549  111   -0.017037129042
  221  110   -0.000290348068
  552  110    0.017037129042
  222  109   -0.000290348068
  551  109   -0.017037129042
  223  108   -0.000290348068
  554  108    0.017037129042
  224  107   -0.000290348068
  553  107   -0.017037129042
  225  106   -0.000290348068
  556  106    0.017037129042
  226  105   -0.000290348068
  555  105   -0.017037129042
  227  104   -0.000290348068
  558  104    0.017037129042
  228  103   -0.000290348068
  557  103   -0.017037129042
  229  102   -0.000286864889
  560  102    0.016934656709
  230  101   -0.000286864889
  559  101   -0.016934656709
  231  100   -0.000286864889
  562  100    0.016934656709
  232   99   -0.000286864889
  561   99   -0.016934656709
  233   98   -0.000286864889
  564   98    0.016934656709
  234   97   -0.000286864889
  563   97   -0.016934656709
  235   96   -0.000286864889
  566   96    0.016934656709
  236   95   -0.000286864889
  565   95   -0.016934656709
  237   94   -0.000255756718
  568   94    0.015990350419
  238   93   -0.000255756718
  567   93   -0.015990350419
  239   92   -0.000255756718
  570   92    0.015990350419
  240   91   -0.000255756718
  569   91   -0.015990350419
  241   90   -0.000255756718
  572   90    0.015990350419
  242   89   -0.000255756718
  571   89   -0.015990350419
  243   88   -0.000255756718
  574   88    0.015990350419
  244   87   -0.000255756718
  573   87   -0.015990350419
  245   86   -0.000255756718
  576   86    0.015990350419
  246   85   -0.000255756718
  575   85   -0.015990350419
  247   84   -0.000253917401
  578   84    0.015932762698
  248   83   -0.000253917401
  577   83   -0.015932762698
  249   82   -0.000253917401
  580   82    0.015932762698
  250   81   -0.000253917401
  579   81   -0.015932762698
  251   80   -0.000238934710
  582   80    0.015455666280
  252   79   -0.000238934710
  581   79   -0.015455666280
  253   78   -0.000238934710
  584   78    0.015455666280
  254   77   -0.000238934710
  583   77   -0.015455666280
  255   76   -0.000238934710
  586   76    0.015455666280
  256   75   -0.000238934710
  585   75   -0.015455666280
  257   74   -0.000235396181
  588   74    0.015340820363
  258   73   -0.000235396181
  587   73   -0.015340820363
  259   72   -0.000234994100
  590   72    0.015327715990
  260   71   -0.000234994100
  589   71   -0.015327715990
  261   70   -0.000234994100
  592   70    0.015327715990
  262   69   -0.000234994100
  591   69   -0.015327715990
  263   68   -0.000234994100
  594   68    0.015327715990
  264   67   -0.000234994100
  593   67   -0.015327715990
  265   66   -0.000234994100
  596   66    0.015327715990
  266   65   -0.000234994100
  595   65   -0.015327715990
  267   64   -0.000234994100
  598   64    0.015327715990
  268   63   -0.000234994100
  597   63   -0.015327715990
  269   62   -0.000234994100
  600   62    0.015327715990
  270   61   -0.000234994100
  599   61   -0.015327715990
  271   60   -0.000234994100
  602   60    0.015327715990
  272   59   -0.000234994100
  601   59   -0.015327715990
  273   58   -0.000198111380
  604   58    0.014073810148
  274   57   -0.000198111380
  603   57   -0.014073810148
  275   56   -0.000198111380
  606   56    0.014073810148
  276   55   -0.000198111380
  605   55   -0.014073810148
  277   54   -0.000198111380
  608   54    0.014073810148
  278   53   -0.000198111380
  607   53   -0.014073810148
  279   52   -0.000198111380
  610   52    0.014073810148
  280   51   -0.000198111380
  609   51   -0.014073810148
  281   50   -0.000198111380
  612   50    0.014073810148
  282   49   -0.000198111380
  611   49   -0.014073810148
  283   48   -0.000198111380
  614   48    0.014073810148
  284   47   -0.000198111380
  613   47   -0.014073810148
  285   46   -0.000198111380
  616   46    0.014073810148
  286   45   -0.000198111380
  615   45   -0.014073810148
  287   44   -0.000198111380
  618   44    0.014073810148
  288   43   -0.000198111380
  617   43   -0.014073810148
  289   42   -0.000195790455
  620   42    0.013991144373
  290   41   -0.000195790455
  619   41   -0.013991144373
  291   40   -0.000195790455
  622   40    0.013991144373
  292   39   -0.000195790455
  621   39   -0.013991144373
  293   38   -0.000195790455
  624   38    0.013991144373
  294   37   -0.000195790455
  623   37   -0.013991144373
  295   36   -0.000195790455
  626   36    0.013991144373
  296   35   -0.000195790455
  625   35   -0.013991144373
  297   34   -0.000195790455
  628   34    0.013991144373
  298   33   -0.000195790455
  627   33   -0.013991144373
  299   32   -0.000174366548
  630   32    0.013203641318
  300   31   -0.000174366548
  629   31   -0.013203641318
  301   30   -0.000174366548
  632   30    0.013203641318
  302   29   -0.000174366548
  631   29   -0.013203641318
  303   28   -0.000174366548
  634   28    0.013203641318
  304   27   -0.000174366548
  633   27   -0.013203641318
  305   26   -0.000174366548
  636   26    0.013203641318
  306   25   -0.000174366548
  635   25   -0.013203641318
  307   24   -0.000174366548
  638   24    0.013203641318
  308   23   -0.000174366548
  637   23   -0.013203641318
  309   22   -0.000174366548
  640   22    0.013203641318
  310   21   -0.000174366548
  639   21   -0.013203641318
  311   20   -0.000173035616
  642   20    0.013153162153
  312   19   -0.000173035616
  641   19   -0.013153162153
  313   18   -0.000173035616
  644   18    0.013153162153
  314   17   -0.000173035616
  643   17   -0.013153162153
  315   16   -0.000173035616
  646   16    0.013153162153
  316   15   -0.000173035616
  645   15   -0.013153162153
  317   14   -0.000161315872
  648   14    0.012699994056
  318   13   -0.000161315872
  647   13   -0.012699994056
  319   12   -0.000161315872
  650   12    0.012699994056
  320   11   -0.000161315872
  649   11   -0.012699994056
  321   10   -0.000161315872
  652   10    0.012699994056
  322    9   -0.000161315872
  651    9   -0.012699994056
  323    8   -0.000161315872
  654    8    0.012699994056
  324    7   -0.000161315872
  653    7   -0.012699994056
  325    6   -0.000160656172
  656    6    0.012674003365
  326    5   -0.000160656172
  655    5   -0.012674003365
  327    4   -0.000156023308
  658    4    0.012489954556
  328    3   -0.000156023308
  657    3   -0.012489954556
  329    2   -0.000156023308
  660    2    0.012489954556
  330    1   -0.000156023308
  659    1   -0.012489954556
