    1 1319
  991 1319
  331 1318
  332 1318
  661 1318
  662 1318
    2 1317
  992 1317
  332 1316
  333 1316
  662 1316
  663 1316
    3 1315
  993 1315
  333 1314
  334 1314
  663 1314
  664 1314
    4 1313
  994 1313
  334 1312
  335 1312
  664 1312
  665 1312
    5 1311
  995 1311
  335 1310
  336 1310
  665 1310
  666 1310
    6 1309
  996 1309
  336 1308
  337 1308
  666 1308
  667 1308
    7 1307
  997 1307
  337 1306
  338 1306
  667 1306
  668 1306
    8 1305
  998 1305
  338 1304
  339 1304
  668 1304
  669 1304
    9 1303
  999 1303
  339 1302
  340 1302
  669 1302
  670 1302
   10 1301
 1000 1301
  340 1300
  341 1300
  670 1300
  671 1300
   11 1299
 1001 1299
  341 1298
  342 1298
  671 1298
  672 1298
   12 1297
 1002 1297
  342 1296
  343 1296
  672 1296
  673 1296
   13 1295
 1003 1295
  343 1294
  344 1294
  673 1294
  674 1294
   14 1293
 1004 1293
  344 1292
  345 1292
  674 1292
  675 1292
   15 1291
 1005 1291
  345 1290
  346 1290
  675 1290
  676 1290
   16 1289
 1006 1289
  346 1288
  347 1288
  676 1288
  677 1288
   17 1287
 1007 1287
  347 1286
  348 1286
  677 1286
  678 1286
   18 1285
 1008 1285
  348 1284
  349 1284
  678 1284
  679 1284
   19 1283
 1009 1283
  349 1282
  350 1282
  679 1282
  680 1282
   20 1281
 1010 1281
  350 1280
  351 1280
  680 1280
  681 1280
   21 1279
 1011 1279
  351 1278
  352 1278
  681 1278
  682 1278
   22 1277
 1012 1277
  352 1276
  353 1276
  682 1276
  683 1276
   23 1275
 1013 1275
  353 1274
  354 1274
  683 1274
  684 1274
   24 1273
 1014 1273
  354 1272
  355 1272
  684 1272
  685 1272
   25 1271
 1015 1271
  355 1270
  356 1270
  685 1270
  686 1270
   26 1269
 1016 1269
  356 1268
  357 1268
  686 1268
  687 1268
   27 1267
 1017 1267
  357 1266
  358 1266
  687 1266
  688 1266
   28 1265
 1018 1265
  358 1264
  359 1264
  688 1264
  689 1264
   29 1263
 1019 1263
  359 1262
  360 1262
  689 1262
  690 1262
   30 1261
 1020 1261
  360 1260
  361 1260
  690 1260
  691 1260
   31 1259
 1021 1259
  361 1258
  362 1258
  691 1258
  692 1258
   32 1257
 1022 1257
  362 1256
  363 1256
  692 1256
  693 1256
   33 1255
 1023 1255
  363 1254
  364 1254
  693 1254
  694 1254
   34 1253
 1024 1253
  364 1252
  365 1252
  694 1252
  695 1252
   35 1251
 1025 1251
  365 1250
  366 1250
  695 1250
  696 1250
   36 1249
 1026 1249
  366 1248
  367 1248
  696 1248
  697 1248
   37 1247
 1027 1247
  367 1246
  368 1246
  697 1246
  698 1246
   38 1245
 1028 1245
  368 1244
  369 1244
  698 1244
  699 1244
   39 1243
 1029 1243
  369 1242
  370 1242
  699 1242
  700 1242
   40 1241
 1030 1241
  370 1240
  371 1240
  700 1240
  701 1240
   41 1239
 1031 1239
  371 1238
  372 1238
  701 1238
  702 1238
   42 1237
 1032 1237
  372 1236
  373 1236
  702 1236
  703 1236
   43 1235
 1033 1235
  373 1234
  374 1234
  703 1234
  704 1234
   44 1233
 1034 1233
  374 1232
  375 1232
  704 1232
  705 1232
   45 1231
 1035 1231
  375 1230
  376 1230
  705 1230
  706 1230
   46 1229
 1036 1229
  376 1228
  377 1228
  706 1228
  707 1228
   47 1227
 1037 1227
  377 1226
  378 1226
  707 1226
  708 1226
   48 1225
 1038 1225
  378 1224
  379 1224
  708 1224
  709 1224
   49 1223
 1039 1223
  379 1222
  380 1222
  709 1222
  710 1222
   50 1221
 1040 1221
  380 1220
  381 1220
  710 1220
  711 1220
   51 1219
 1041 1219
  381 1218
  382 1218
  711 1218
  712 1218
   52 1217
 1042 1217
  382 1216
  383 1216
  712 1216
  713 1216
   53 1215
 1043 1215
  383 1214
  384 1214
  713 1214
  714 1214
   54 1213
 1044 1213
  384 1212
  385 1212
  714 1212
  715 1212
   55 1211
 1045 1211
  385 1210
  386 1210
  715 1210
  716 1210
   56 1209
 1046 1209
  386 1208
  387 1208
  716 1208
  717 1208
   57 1207
 1047 1207
  387 1206
  388 1206
  717 1206
  718 1206
   58 1205
 1048 1205
  388 1204
  389 1204
  718 1204
  719 1204
   59 1203
 1049 1203
  389 1202
  390 1202
  719 1202
  720 1202
   60 1201
 1050 1201
  390 1200
  391 1200
  720 1200
  721 1200
   61 1199
 1051 1199
  391 1198
  392 1198
  721 1198
  722 1198
   62 1197
 1052 1197
  392 1196
  393 1196
  722 1196
  723 1196
   63 1195
 1053 1195
  393 1194
  394 1194
  723 1194
  724 1194
   64 1193
 1054 1193
  394 1192
  395 1192
  724 1192
  725 1192
   65 1191
 1055 1191
  395 1190
  396 1190
  725 1190
  726 1190
   66 1189
 1056 1189
  396 1188
  397 1188
  726 1188
  727 1188
   67 1187
 1057 1187
  397 1186
  398 1186
  727 1186
  728 1186
   68 1185
 1058 1185
  398 1184
  399 1184
  728 1184
  729 1184
   69 1183
 1059 1183
  399 1182
  400 1182
  729 1182
  730 1182
   70 1181
 1060 1181
  400 1180
  401 1180
  730 1180
  731 1180
   71 1179
 1061 1179
  401 1178
  402 1178
  731 1178
  732 1178
   72 1177
 1062 1177
  402 1176
  403 1176
  732 1176
  733 1176
   73 1175
 1063 1175
  403 1174
  404 1174
  733 1174
  734 1174
   74 1173
 1064 1173
  404 1172
  405 1172
  734 1172
  735 1172
   75 1171
 1065 1171
  405 1170
  406 1170
  735 1170
  736 1170
   76 1169
 1066 1169
  406 1168
  407 1168
  736 1168
  737 1168
   77 1167
 1067 1167
  407 1166
  408 1166
  737 1166
  738 1166
   78 1165
 1068 1165
  408 1164
  409 1164
  738 1164
  739 1164
   79 1163
 1069 1163
  409 1162
  410 1162
  739 1162
  740 1162
   80 1161
 1070 1161
  410 1160
  411 1160
  740 1160
  741 1160
   81 1159
 1071 1159
  411 1158
  412 1158
  741 1158
  742 1158
   82 1157
 1072 1157
  412 1156
  413 1156
  742 1156
  743 1156
   83 1155
 1073 1155
  413 1154
  414 1154
  743 1154
  744 1154
   84 1153
 1074 1153
  414 1152
  415 1152
  744 1152
  745 1152
   85 1151
 1075 1151
  415 1150
  416 1150
  745 1150
  746 1150
   86 1149
 1076 1149
  416 1148
  417 1148
  746 1148
  747 1148
   87 1147
 1077 1147
  417 1146
  418 1146
  747 1146
  748 1146
   88 1145
 1078 1145
  418 1144
  419 1144
  748 1144
  749 1144
   89 1143
 1079 1143
  419 1142
  420 1142
  749 1142
  750 1142
   90 1141
 1080 1141
  420 1140
  421 1140
  750 1140
  751 1140
   91 1139
 1081 1139
  421 1138
  422 1138
  751 1138
  752 1138
   92 1137
 1082 1137
  422 1136
  423 1136
  752 1136
  753 1136
   93 1135
 1083 1135
  423 1134
  424 1134
  753 1134
  754 1134
   94 1133
 1084 1133
  424 1132
  425 1132
  754 1132
  755 1132
   95 1131
 1085 1131
  425 1130
  426 1130
  755 1130
  756 1130
   96 1129
 1086 1129
  426 1128
  427 1128
  756 1128
  757 1128
   97 1127
 1087 1127
  427 1126
  428 1126
  757 1126
  758 1126
   98 1125
 1088 1125
  428 1124
  429 1124
  758 1124
  759 1124
   99 1123
 1089 1123
  429 1122
  430 1122
  759 1122
  760 1122
  100 1121
 1090 1121
  430 1120
  431 1120
  760 1120
  761 1120
  101 1119
 1091 1119
  431 1118
  432 1118
  761 1118
  762 1118
  102 1117
 1092 1117
  432 1116
  433 1116
  762 1116
  763 1116
  103 1115
 1093 1115
  433 1114
  434 1114
  763 1114
  764 1114
  104 1113
 1094 1113
  434 1112
  435 1112
  764 1112
  765 1112
  105 1111
 1095 1111
  435 1110
  436 1110
  765 1110
  766 1110
  106 1109
 1096 1109
  436 1108
  437 1108
  766 1108
  767 1108
  107 1107
 1097 1107
  437 1106
  438 1106
  767 1106
  768 1106
  108 1105
 1098 1105
  438 1104
  439 1104
  768 1104
  769 1104
  109 1103
 1099 1103
  439 1102
  440 1102
  769 1102
  770 1102
  110 1101
 1100 1101
  440 1100
  441 1100
  770 1100
  771 1100
  111 1099
 1101 1099
  441 1098
  442 1098
  771 1098
  772 1098
  112 1097
 1102 1097
  442 1096
  443 1096
  772 1096
  773 1096
  113 1095
 1103 1095
  443 1094
  444 1094
  773 1094
  774 1094
  114 1093
 1104 1093
  444 1092
  445 1092
  774 1092
  775 1092
  115 1091
 1105 1091
  445 1090
  446 1090
  775 1090
  776 1090
  116 1089
 1106 1089
  446 1088
  447 1088
  776 1088
  777 1088
  117 1087
 1107 1087
  447 1086
  448 1086
  777 1086
  778 1086
  118 1085
 1108 1085
  448 1084
  449 1084
  778 1084
  779 1084
  119 1083
 1109 1083
  449 1082
  450 1082
  779 1082
  780 1082
  120 1081
 1110 1081
  450 1080
  451 1080
  780 1080
  781 1080
  121 1079
 1111 1079
  451 1078
  452 1078
  781 1078
  782 1078
  122 1077
 1112 1077
  452 1076
  453 1076
  782 1076
  783 1076
  123 1075
 1113 1075
  453 1074
  454 1074
  783 1074
  784 1074
  124 1073
 1114 1073
  454 1072
  455 1072
  784 1072
  785 1072
  125 1071
 1115 1071
  455 1070
  456 1070
  785 1070
  786 1070
  126 1069
 1116 1069
  456 1068
  457 1068
  786 1068
  787 1068
  127 1067
 1117 1067
  457 1066
  458 1066
  787 1066
  788 1066
  128 1065
 1118 1065
  458 1064
  459 1064
  788 1064
  789 1064
  129 1063
 1119 1063
  459 1062
  460 1062
  789 1062
  790 1062
  130 1061
 1120 1061
  460 1060
  461 1060
  790 1060
  791 1060
  131 1059
 1121 1059
  461 1058
  462 1058
  791 1058
  792 1058
  132 1057
 1122 1057
  462 1056
  463 1056
  792 1056
  793 1056
  133 1055
 1123 1055
  463 1054
  464 1054
  793 1054
  794 1054
  134 1053
 1124 1053
  464 1052
  465 1052
  794 1052
  795 1052
  135 1051
 1125 1051
  465 1050
  466 1050
  795 1050
  796 1050
  136 1049
 1126 1049
  466 1048
  467 1048
  796 1048
  797 1048
  137 1047
 1127 1047
  467 1046
  468 1046
  797 1046
  798 1046
  138 1045
 1128 1045
  468 1044
  469 1044
  798 1044
  799 1044
  139 1043
 1129 1043
  469 1042
  470 1042
  799 1042
  800 1042
  140 1041
 1130 1041
  470 1040
  471 1040
  800 1040
  801 1040
  141 1039
 1131 1039
  471 1038
  472 1038
  801 1038
  802 1038
  142 1037
 1132 1037
  472 1036
  473 1036
  802 1036
  803 1036
  143 1035
 1133 1035
  473 1034
  474 1034
  803 1034
  804 1034
  144 1033
 1134 1033
  474 1032
  475 1032
  804 1032
  805 1032
  145 1031
 1135 1031
  475 1030
  476 1030
  805 1030
  806 1030
  146 1029
 1136 1029
  476 1028
  477 1028
  806 1028
  807 1028
  147 1027
 1137 1027
  477 1026
  478 1026
  807 1026
  808 1026
  148 1025
 1138 1025
  478 1024
  479 1024
  808 1024
  809 1024
  149 1023
 1139 1023
  479 1022
  480 1022
  809 1022
  810 1022
  150 1021
 1140 1021
  480 1020
  481 1020
  810 1020
  811 1020
  151 1019
 1141 1019
  481 1018
  482 1018
  811 1018
  812 1018
  152 1017
 1142 1017
  482 1016
  483 1016
  812 1016
  813 1016
  153 1015
 1143 1015
  483 1014
  484 1014
  813 1014
  814 1014
  154 1013
 1144 1013
  484 1012
  485 1012
  814 1012
  815 1012
  155 1011
 1145 1011
  485 1010
  486 1010
  815 1010
  816 1010
  156 1009
 1146 1009
  486 1008
  487 1008
  816 1008
  817 1008
  157 1007
 1147 1007
  487 1006
  488 1006
  817 1006
  818 1006
  158 1005
 1148 1005
  488 1004
  489 1004
  818 1004
  819 1004
  159 1003
 1149 1003
  489 1002
  490 1002
  819 1002
  820 1002
  160 1001
 1150 1001
  490 1000
  491 1000
  820 1000
  821 1000
  161  999
 1151  999
  491  998
  492  998
  821  998
  822  998
  162  997
 1152  997
  492  996
  493  996
  822  996
  823  996
  163  995
 1153  995
  493  994
  494  994
  823  994
  824  994
  164  993
 1154  993
  494  992
  495  992
  824  992
  825  992
  165  991
 1155  991
  495  990
  496  990
  825  990
  826  990
  166  989
 1156  989
  496  988
  497  988
  826  988
  827  988
  167  987
 1157  987
  497  986
  498  986
  827  986
  828  986
  168  985
 1158  985
  498  984
  499  984
  828  984
  829  984
  169  983
 1159  983
  499  982
  500  982
  829  982
  830  982
  170  981
 1160  981
  500  980
  501  980
  830  980
  831  980
  171  979
 1161  979
  501  978
  502  978
  831  978
  832  978
  172  977
 1162  977
  502  976
  503  976
  832  976
  833  976
  173  975
 1163  975
  503  974
  504  974
  833  974
  834  974
  174  973
 1164  973
  504  972
  505  972
  834  972
  835  972
  175  971
 1165  971
  505  970
  506  970
  835  970
  836  970
  176  969
 1166  969
  506  968
  507  968
  836  968
  837  968
  177  967
 1167  967
  507  966
  508  966
  837  966
  838  966
  178  965
 1168  965
  508  964
  509  964
  838  964
  839  964
  179  963
 1169  963
  509  962
  510  962
  839  962
  840  962
  180  961
 1170  961
  510  960
  511  960
  840  960
  841  960
  181  959
 1171  959
  511  958
  512  958
  841  958
  842  958
  182  957
 1172  957
  512  956
  513  956
  842  956
  843  956
  183  955
 1173  955
  513  954
  514  954
  843  954
  844  954
  184  953
 1174  953
  514  952
  515  952
  844  952
  845  952
  185  951
 1175  951
  515  950
  516  950
  845  950
  846  950
  186  949
 1176  949
  516  948
  517  948
  846  948
  847  948
  187  947
 1177  947
  517  946
  518  946
  847  946
  848  946
  188  945
 1178  945
  518  944
  519  944
  848  944
  849  944
  189  943
 1179  943
  519  942
  520  942
  849  942
  850  942
  190  941
 1180  941
  520  940
  521  940
  850  940
  851  940
  191  939
 1181  939
  521  938
  522  938
  851  938
  852  938
  192  937
 1182  937
  522  936
  523  936
  852  936
  853  936
  193  935
 1183  935
  523  934
  524  934
  853  934
  854  934
  194  933
 1184  933
  524  932
  525  932
  854  932
  855  932
  195  931
 1185  931
  525  930
  526  930
  855  930
  856  930
  196  929
 1186  929
  526  928
  527  928
  856  928
  857  928
  197  927
 1187  927
  527  926
  528  926
  857  926
  858  926
  198  925
 1188  925
  528  924
  529  924
  858  924
  859  924
  199  923
 1189  923
  529  922
  530  922
  859  922
  860  922
  200  921
 1190  921
  530  920
  531  920
  860  920
  861  920
  201  919
 1191  919
  531  918
  532  918
  861  918
  862  918
  202  917
 1192  917
  532  916
  533  916
  862  916
  863  916
  203  915
 1193  915
  533  914
  534  914
  863  914
  864  914
  204  913
 1194  913
  534  912
  535  912
  864  912
  865  912
  205  911
 1195  911
  535  910
  536  910
  865  910
  866  910
  206  909
 1196  909
  536  908
  537  908
  866  908
  867  908
  207  907
 1197  907
  537  906
  538  906
  867  906
  868  906
  208  905
 1198  905
  538  904
  539  904
  868  904
  869  904
  209  903
 1199  903
  539  902
  540  902
  869  902
  870  902
  210  901
 1200  901
  540  900
  541  900
  870  900
  871  900
  211  899
 1201  899
  541  898
  542  898
  871  898
  872  898
  212  897
 1202  897
  542  896
  543  896
  872  896
  873  896
  213  895
 1203  895
  543  894
  544  894
  873  894
  874  894
  214  893
 1204  893
  544  892
  545  892
  874  892
  875  892
  215  891
 1205  891
  545  890
  546  890
  875  890
  876  890
  216  889
 1206  889
  546  888
  547  888
  876  888
  877  888
  217  887
 1207  887
  547  886
  548  886
  877  886
  878  886
  218  885
 1208  885
  548  884
  549  884
  878  884
  879  884
  219  883
 1209  883
  549  882
  550  882
  879  882
  880  882
  220  881
 1210  881
  550  880
  551  880
  880  880
  881  880
  221  879
 1211  879
  551  878
  552  878
  881  878
  882  878
  222  877
 1212  877
  552  876
  553  876
  882  876
  883  876
  223  875
 1213  875
  553  874
  554  874
  883  874
  884  874
  224  873
 1214  873
  554  872
  555  872
  884  872
  885  872
  225  871
 1215  871
  555  870
  556  870
  885  870
  886  870
  226  869
 1216  869
  556  868
  557  868
  886  868
  887  868
  227  867
 1217  867
  557  866
  558  866
  887  866
  888  866
  228  865
 1218  865
  558  864
  559  864
  888  864
  889  864
  229  863
 1219  863
  559  862
  560  862
  889  862
  890  862
  230  861
 1220  861
  560  860
  561  860
  890  860
  891  860
  231  859
 1221  859
  561  858
  562  858
  891  858
  892  858
  232  857
 1222  857
  562  856
  563  856
  892  856
  893  856
  233  855
 1223  855
  563  854
  564  854
  893  854
  894  854
  234  853
 1224  853
  564  852
  565  852
  894  852
  895  852
  235  851
 1225  851
  565  850
  566  850
  895  850
  896  850
  236  849
 1226  849
  566  848
  567  848
  896  848
  897  848
  237  847
 1227  847
  567  846
  568  846
  897  846
  898  846
  238  845
 1228  845
  568  844
  569  844
  898  844
  899  844
  239  843
 1229  843
  569  842
  570  842
  899  842
  900  842
  240  841
 1230  841
  570  840
  571  840
  900  840
  901  840
  241  839
 1231  839
  571  838
  572  838
  901  838
  902  838
  242  837
 1232  837
  572  836
  573  836
  902  836
  903  836
  243  835
 1233  835
  573  834
  574  834
  903  834
  904  834
  244  833
 1234  833
  574  832
  575  832
  904  832
  905  832
  245  831
 1235  831
  575  830
  576  830
  905  830
  906  830
  246  829
 1236  829
  576  828
  577  828
  906  828
  907  828
  247  827
 1237  827
  577  826
  578  826
  907  826
  908  826
  248  825
 1238  825
  578  824
  579  824
  908  824
  909  824
  249  823
 1239  823
  579  822
  580  822
  909  822
  910  822
  250  821
 1240  821
  580  820
  581  820
  910  820
  911  820
  251  819
 1241  819
  581  818
  582  818
  911  818
  912  818
  252  817
 1242  817
  582  816
  583  816
  912  816
  913  816
  253  815
 1243  815
  583  814
  584  814
  913  814
  914  814
  254  813
 1244  813
  584  812
  585  812
  914  812
  915  812
  255  811
 1245  811
  585  810
  586  810
  915  810
  916  810
  256  809
 1246  809
  586  808
  587  808
  916  808
  917  808
  257  807
 1247  807
  587  806
  588  806
  917  806
  918  806
  258  805
 1248  805
  588  804
  589  804
  918  804
  919  804
  259  803
 1249  803
  589  802
  590  802
  919  802
  920  802
  260  801
 1250  801
  590  800
  591  800
  920  800
  921  800
  261  799
 1251  799
  591  798
  592  798
  921  798
  922  798
  262  797
 1252  797
  592  796
  593  796
  922  796
  923  796
  263  795
 1253  795
  593  794
  594  794
  923  794
  924  794
  264  793
 1254  793
  594  792
  595  792
  924  792
  925  792
  265  791
 1255  791
  595  790
  596  790
  925  790
  926  790
  266  789
 1256  789
  596  788
  597  788
  926  788
  927  788
  267  787
 1257  787
  597  786
  598  786
  927  786
  928  786
  268  785
 1258  785
  598  784
  599  784
  928  784
  929  784
  269  783
 1259  783
  599  782
  600  782
  929  782
  930  782
  270  781
 1260  781
  600  780
  601  780
  930  780
  931  780
  271  779
 1261  779
  601  778
  602  778
  931  778
  932  778
  272  777
 1262  777
  602  776
  603  776
  932  776
  933  776
  273  775
 1263  775
  603  774
  604  774
  933  774
  934  774
  274  773
 1264  773
  604  772
  605  772
  934  772
  935  772
  275  771
 1265  771
  605  770
  606  770
  935  770
  936  770
  276  769
 1266  769
  606  768
  607  768
  936  768
  937  768
  277  767
 1267  767
  607  766
  608  766
  937  766
  938  766
  278  765
 1268  765
  608  764
  609  764
  938  764
  939  764
  279  763
 1269  763
  609  762
  610  762
  939  762
  940  762
  280  761
 1270  761
  610  760
  611  760
  940  760
  941  760
  281  759
 1271  759
  611  758
  612  758
  941  758
  942  758
  282  757
 1272  757
  612  756
  613  756
  942  756
  943  756
  283  755
 1273  755
  613  754
  614  754
  943  754
  944  754
  284  753
 1274  753
  614  752
  615  752
  944  752
  945  752
  285  751
 1275  751
  615  750
  616  750
  945  750
  946  750
  286  749
 1276  749
  616  748
  617  748
  946  748
  947  748
  287  747
 1277  747
  617  746
  618  746
  947  746
  948  746
  288  745
 1278  745
  618  744
  619  744
  948  744
  949  744
  289  743
 1279  743
  619  742
  620  742
  949  742
  950  742
  290  741
 1280  741
  620  740
  621  740
  950  740
  951  740
  291  739
 1281  739
  621  738
  622  738
  951  738
  952  738
  292  737
 1282  737
  622  736
  623  736
  952  736
  953  736
  293  735
 1283  735
  623  734
  624  734
  953  734
  954  734
  294  733
 1284  733
  624  732
  625  732
  954  732
  955  732
  295  731
 1285  731
  625  730
  626  730
  955  730
  956  730
  296  729
 1286  729
  626  728
  627  728
  956  728
  957  728
  297  727
 1287  727
  627  726
  628  726
  957  726
  958  726
  298  725
 1288  725
  628  724
  629  724
  958  724
  959  724
  299  723
 1289  723
  629  722
  630  722
  959  722
  960  722
  300  721
 1290  721
  630  720
  631  720
  960  720
  961  720
  301  719
 1291  719
  631  718
  632  718
  961  718
  962  718
  302  717
 1292  717
  632  716
  633  716
  962  716
  963  716
  303  715
 1293  715
  633  714
  634  714
  963  714
  964  714
  304  713
 1294  713
  634  712
  635  712
  964  712
  965  712
  305  711
 1295  711
  635  710
  636  710
  965  710
  966  710
  306  709
 1296  709
  636  708
  637  708
  966  708
  967  708
  307  707
 1297  707
  637  706
  638  706
  967  706
  968  706
  308  705
 1298  705
  638  704
  639  704
  968  704
  969  704
  309  703
 1299  703
  639  702
  640  702
  969  702
  970  702
  310  701
 1300  701
  640  700
  641  700
  970  700
  971  700
  311  699
 1301  699
  641  698
  642  698
  971  698
  972  698
  312  697
 1302  697
  642  696
  643  696
  972  696
  973  696
  313  695
 1303  695
  643  694
  644  694
  973  694
  974  694
  314  693
 1304  693
  644  692
  645  692
  974  692
  975  692
  315  691
 1305  691
  645  690
  646  690
  975  690
  976  690
  316  689
 1306  689
  646  688
  647  688
  976  688
  977  688
  317  687
 1307  687
  647  686
  648  686
  977  686
  978  686
  318  685
 1308  685
  648  684
  649  684
  978  684
  979  684
  319  683
 1309  683
  649  682
  650  682
  979  682
  980  682
  320  681
 1310  681
  650  680
  651  680
  980  680
  981  680
  321  679
 1311  679
  651  678
  652  678
  981  678
  982  678
  322  677
 1312  677
  652  676
  653  676
  982  676
  983  676
  323  675
 1313  675
  653  674
  654  674
  983  674
  984  674
  324  673
 1314  673
  654  672
  655  672
  984  672
  985  672
  325  671
 1315  671
  655  670
  656  670
  985  670
  986  670
  326  669
 1316  669
  656  668
  657  668
  986  668
  987  668
  327  667
 1317  667
  657  666
  658  666
  987  666
  988  666
  328  665
 1318  665
  658  664
  659  664
  988  664
  989  664
  329  663
 1319  663
  659  662
  660  662
  989  662
  990  662
  330  661
 1320  661
  660  660
  990  660
  331  659
  661  659
    1  658
  991  658
  331  657
  332  657
  661  657
  662  657
    2  656
  992  656
  332  655
  333  655
  662  655
  663  655
    3  654
  993  654
  333  653
  334  653
  663  653
  664  653
    4  652
  994  652
  334  651
  335  651
  664  651
  665  651
    5  650
  995  650
  335  649
  336  649
  665  649
  666  649
    6  648
  996  648
  336  647
  337  647
  666  647
  667  647
    7  646
  997  646
  337  645
  338  645
  667  645
  668  645
    8  644
  998  644
  338  643
  339  643
  668  643
  669  643
    9  642
  999  642
  339  641
  340  641
  669  641
  670  641
   10  640
 1000  640
  340  639
  341  639
  670  639
  671  639
   11  638
 1001  638
  341  637
  342  637
  671  637
  672  637
   12  636
 1002  636
  342  635
  343  635
  672  635
  673  635
   13  634
 1003  634
  343  633
  344  633
  673  633
  674  633
   14  632
 1004  632
  344  631
  345  631
  674  631
  675  631
   15  630
 1005  630
  345  629
  346  629
  675  629
  676  629
   16  628
 1006  628
  346  627
  347  627
  676  627
  677  627
   17  626
 1007  626
  347  625
  348  625
  677  625
  678  625
   18  624
 1008  624
  348  623
  349  623
  678  623
  679  623
   19  622
 1009  622
  349  621
  350  621
  679  621
  680  621
   20  620
 1010  620
  350  619
  351  619
  680  619
  681  619
   21  618
 1011  618
  351  617
  352  617
  681  617
  682  617
   22  616
 1012  616
  352  615
  353  615
  682  615
  683  615
   23  614
 1013  614
  353  613
  354  613
  683  613
  684  613
   24  612
 1014  612
  354  611
  355  611
  684  611
  685  611
   25  610
 1015  610
  355  609
  356  609
  685  609
  686  609
   26  608
 1016  608
  356  607
  357  607
  686  607
  687  607
   27  606
 1017  606
  357  605
  358  605
  687  605
  688  605
   28  604
 1018  604
  358  603
  359  603
  688  603
  689  603
   29  602
 1019  602
  359  601
  360  601
  689  601
  690  601
   30  600
 1020  600
  360  599
  361  599
  690  599
  691  599
   31  598
 1021  598
  361  597
  362  597
  691  597
  692  597
   32  596
 1022  596
  362  595
  363  595
  692  595
  693  595
   33  594
 1023  594
  363  593
  364  593
  693  593
  694  593
   34  592
 1024  592
  364  591
  365  591
  694  591
  695  591
   35  590
 1025  590
  365  589
  366  589
  695  589
  696  589
   36  588
 1026  588
  366  587
  367  587
  696  587
  697  587
   37  586
 1027  586
  367  585
  368  585
  697  585
  698  585
   38  584
 1028  584
  368  583
  369  583
  698  583
  699  583
   39  582
 1029  582
  369  581
  370  581
  699  581
  700  581
   40  580
 1030  580
  370  579
  371  579
  700  579
  701  579
   41  578
 1031  578
  371  577
  372  577
  701  577
  702  577
   42  576
 1032  576
  372  575
  373  575
  702  575
  703  575
   43  574
 1033  574
  373  573
  374  573
  703  573
  704  573
   44  572
 1034  572
  374  571
  375  571
  704  571
  705  571
   45  570
 1035  570
  375  569
  376  569
  705  569
  706  569
   46  568
 1036  568
  376  567
  377  567
  706  567
  707  567
   47  566
 1037  566
  377  565
  378  565
  707  565
  708  565
   48  564
 1038  564
  378  563
  379  563
  708  563
  709  563
   49  562
 1039  562
  379  561
  380  561
  709  561
  710  561
   50  560
 1040  560
  380  559
  381  559
  710  559
  711  559
   51  558
 1041  558
  381  557
  382  557
  711  557
  712  557
   52  556
 1042  556
  382  555
  383  555
  712  555
  713  555
   53  554
 1043  554
  383  553
  384  553
  713  553
  714  553
   54  552
 1044  552
  384  551
  385  551
  714  551
  715  551
   55  550
 1045  550
  385  549
  386  549
  715  549
  716  549
   56  548
 1046  548
  386  547
  387  547
  716  547
  717  547
   57  546
 1047  546
  387  545
  388  545
  717  545
  718  545
   58  544
 1048  544
  388  543
  389  543
  718  543
  719  543
   59  542
 1049  542
  389  541
  390  541
  719  541
  720  541
   60  540
 1050  540
  390  539
  391  539
  720  539
  721  539
   61  538
 1051  538
  391  537
  392  537
  721  537
  722  537
   62  536
 1052  536
  392  535
  393  535
  722  535
  723  535
   63  534
 1053  534
  393  533
  394  533
  723  533
  724  533
   64  532
 1054  532
  394  531
  395  531
  724  531
  725  531
   65  530
 1055  530
  395  529
  396  529
  725  529
  726  529
   66  528
 1056  528
  396  527
  397  527
  726  527
  727  527
   67  526
 1057  526
  397  525
  398  525
  727  525
  728  525
   68  524
 1058  524
  398  523
  399  523
  728  523
  729  523
   69  522
 1059  522
  399  521
  400  521
  729  521
  730  521
   70  520
 1060  520
  400  519
  401  519
  730  519
  731  519
   71  518
 1061  518
  401  517
  402  517
  731  517
  732  517
   72  516
 1062  516
  402  515
  403  515
  732  515
  733  515
   73  514
 1063  514
  403  513
  404  513
  733  513
  734  513
   74  512
 1064  512
  404  511
  405  511
  734  511
  735  511
   75  510
 1065  510
  405  509
  406  509
  735  509
  736  509
   76  508
 1066  508
  406  507
  407  507
  736  507
  737  507
   77  506
 1067  506
  407  505
  408  505
  737  505
  738  505
   78  504
 1068  504
  408  503
  409  503
  738  503
  739  503
   79  502
 1069  502
  409  501
  410  501
  739  501
  740  501
   80  500
 1070  500
  410  499
  411  499
  740  499
  741  499
   81  498
 1071  498
  411  497
  412  497
  741  497
  742  497
   82  496
 1072  496
  412  495
  413  495
  742  495
  743  495
   83  494
 1073  494
  413  493
  414  493
  743  493
  744  493
   84  492
 1074  492
  414  491
  415  491
  744  491
  745  491
   85  490
 1075  490
  415  489
  416  489
  745  489
  746  489
   86  488
 1076  488
  416  487
  417  487
  746  487
  747  487
   87  486
 1077  486
  417  485
  418  485
  747  485
  748  485
   88  484
 1078  484
  418  483
  419  483
  748  483
  749  483
   89  482
 1079  482
  419  481
  420  481
  749  481
  750  481
   90  480
 1080  480
  420  479
  421  479
  750  479
  751  479
   91  478
 1081  478
  421  477
  422  477
  751  477
  752  477
   92  476
 1082  476
  422  475
  423  475
  752  475
  753  475
   93  474
 1083  474
  423  473
  424  473
  753  473
  754  473
   94  472
 1084  472
  424  471
  425  471
  754  471
  755  471
   95  470
 1085  470
  425  469
  426  469
  755  469
  756  469
   96  468
 1086  468
  426  467
  427  467
  756  467
  757  467
   97  466
 1087  466
  427  465
  428  465
  757  465
  758  465
   98  464
 1088  464
  428  463
  429  463
  758  463
  759  463
   99  462
 1089  462
  429  461
  430  461
  759  461
  760  461
  100  460
 1090  460
  430  459
  431  459
  760  459
  761  459
  101  458
 1091  458
  431  457
  432  457
  761  457
  762  457
  102  456
 1092  456
  432  455
  433  455
  762  455
  763  455
  103  454
 1093  454
  433  453
  434  453
  763  453
  764  453
  104  452
 1094  452
  434  451
  435  451
  764  451
  765  451
  105  450
 1095  450
  435  449
  436  449
  765  449
  766  449
  106  448
 1096  448
  436  447
  437  447
  766  447
  767  447
  107  446
 1097  446
  437  445
  438  445
  767  445
  768  445
  108  444
 1098  444
  438  443
  439  443
  768  443
  769  443
  109  442
 1099  442
  439  441
  440  441
  769  441
  770  441
  110  440
 1100  440
  440  439
  441  439
  770  439
  771  439
  111  438
 1101  438
  441  437
  442  437
  771  437
  772  437
  112  436
 1102  436
  442  435
  443  435
  772  435
  773  435
  113  434
 1103  434
  443  433
  444  433
  773  433
  774  433
  114  432
 1104  432
  444  431
  445  431
  774  431
  775  431
  115  430
 1105  430
  445  429
  446  429
  775  429
  776  429
  116  428
 1106  428
  446  427
  447  427
  776  427
  777  427
  117  426
 1107  426
  447  425
  448  425
  777  425
  778  425
  118  424
 1108  424
  448  423
  449  423
  778  423
  779  423
  119  422
 1109  422
  449  421
  450  421
  779  421
  780  421
  120  420
 1110  420
  450  419
  451  419
  780  419
  781  419
  121  418
 1111  418
  451  417
  452  417
  781  417
  782  417
  122  416
 1112  416
  452  415
  453  415
  782  415
  783  415
  123  414
 1113  414
  453  413
  454  413
  783  413
  784  413
  124  412
 1114  412
  454  411
  455  411
  784  411
  785  411
  125  410
 1115  410
  455  409
  456  409
  785  409
  786  409
  126  408
 1116  408
  456  407
  457  407
  786  407
  787  407
  127  406
 1117  406
  457  405
  458  405
  787  405
  788  405
  128  404
 1118  404
  458  403
  459  403
  788  403
  789  403
  129  402
 1119  402
  459  401
  460  401
  789  401
  790  401
  130  400
 1120  400
  460  399
  461  399
  790  399
  791  399
  131  398
 1121  398
  461  397
  462  397
  791  397
  792  397
  132  396
 1122  396
  462  395
  463  395
  792  395
  793  395
  133  394
 1123  394
  463  393
  464  393
  793  393
  794  393
  134  392
 1124  392
  464  391
  465  391
  794  391
  795  391
  135  390
 1125  390
  465  389
  466  389
  795  389
  796  389
  136  388
 1126  388
  466  387
  467  387
  796  387
  797  387
  137  386
 1127  386
  467  385
  468  385
  797  385
  798  385
  138  384
 1128  384
  468  383
  469  383
  798  383
  799  383
  139  382
 1129  382
  469  381
  470  381
  799  381
  800  381
  140  380
 1130  380
  470  379
  471  379
  800  379
  801  379
  141  378
 1131  378
  471  377
  472  377
  801  377
  802  377
  142  376
 1132  376
  472  375
  473  375
  802  375
  803  375
  143  374
 1133  374
  473  373
  474  373
  803  373
  804  373
  144  372
 1134  372
  474  371
  475  371
  804  371
  805  371
  145  370
 1135  370
  475  369
  476  369
  805  369
  806  369
  146  368
 1136  368
  476  367
  477  367
  806  367
  807  367
  147  366
 1137  366
  477  365
  478  365
  807  365
  808  365
  148  364
 1138  364
  478  363
  479  363
  808  363
  809  363
  149  362
 1139  362
  479  361
  480  361
  809  361
  810  361
  150  360
 1140  360
  480  359
  481  359
  810  359
  811  359
  151  358
 1141  358
  481  357
  482  357
  811  357
  812  357
  152  356
 1142  356
  482  355
  483  355
  812  355
  813  355
  153  354
 1143  354
  483  353
  484  353
  813  353
  814  353
  154  352
 1144  352
  484  351
  485  351
  814  351
  815  351
  155  350
 1145  350
  485  349
  486  349
  815  349
  816  349
  156  348
 1146  348
  486  347
  487  347
  816  347
  817  347
  157  346
 1147  346
  487  345
  488  345
  817  345
  818  345
  158  344
 1148  344
  488  343
  489  343
  818  343
  819  343
  159  342
 1149  342
  489  341
  490  341
  819  341
  820  341
  160  340
 1150  340
  490  339
  491  339
  820  339
  821  339
  161  338
 1151  338
  491  337
  492  337
  821  337
  822  337
  162  336
 1152  336
  492  335
  493  335
  822  335
  823  335
  163  334
 1153  334
  493  333
  494  333
  823  333
  824  333
  164  332
 1154  332
  494  331
  495  331
  824  331
  825  331
  165  330
 1155  330
  495  329
  496  329
  825  329
  826  329
  166  328
 1156  328
  496  327
  497  327
  826  327
  827  327
  167  326
 1157  326
  497  325
  498  325
  827  325
  828  325
  168  324
 1158  324
  498  323
  499  323
  828  323
  829  323
  169  322
 1159  322
  499  321
  500  321
  829  321
  830  321
  170  320
 1160  320
  500  319
  501  319
  830  319
  831  319
  171  318
 1161  318
  501  317
  502  317
  831  317
  832  317
  172  316
 1162  316
  502  315
  503  315
  832  315
  833  315
  173  314
 1163  314
  503  313
  504  313
  833  313
  834  313
  174  312
 1164  312
  504  311
  505  311
  834  311
  835  311
  175  310
 1165  310
  505  309
  506  309
  835  309
  836  309
  176  308
 1166  308
  506  307
  507  307
  836  307
  837  307
  177  306
 1167  306
  507  305
  508  305
  837  305
  838  305
  178  304
 1168  304
  508  303
  509  303
  838  303
  839  303
  179  302
 1169  302
  509  301
  510  301
  839  301
  840  301
  180  300
 1170  300
  510  299
  511  299
  840  299
  841  299
  181  298
 1171  298
  511  297
  512  297
  841  297
  842  297
  182  296
 1172  296
  512  295
  513  295
  842  295
  843  295
  183  294
 1173  294
  513  293
  514  293
  843  293
  844  293
  184  292
 1174  292
  514  291
  515  291
  844  291
  845  291
  185  290
 1175  290
  515  289
  516  289
  845  289
  846  289
  186  288
 1176  288
  516  287
  517  287
  846  287
  847  287
  187  286
 1177  286
  517  285
  518  285
  847  285
  848  285
  188  284
 1178  284
  518  283
  519  283
  848  283
  849  283
  189  282
 1179  282
  519  281
  520  281
  849  281
  850  281
  190  280
 1180  280
  520  279
  521  279
  850  279
  851  279
  191  278
 1181  278
  521  277
  522  277
  851  277
  852  277
  192  276
 1182  276
  522  275
  523  275
  852  275
  853  275
  193  274
 1183  274
  523  273
  524  273
  853  273
  854  273
  194  272
 1184  272
  524  271
  525  271
  854  271
  855  271
  195  270
 1185  270
  525  269
  526  269
  855  269
  856  269
  196  268
 1186  268
  526  267
  527  267
  856  267
  857  267
  197  266
 1187  266
  527  265
  528  265
  857  265
  858  265
  198  264
 1188  264
  528  263
  529  263
  858  263
  859  263
  199  262
 1189  262
  529  261
  530  261
  859  261
  860  261
  200  260
 1190  260
  530  259
  531  259
  860  259
  861  259
  201  258
 1191  258
  531  257
  532  257
  861  257
  862  257
  202  256
 1192  256
  532  255
  533  255
  862  255
  863  255
  203  254
 1193  254
  533  253
  534  253
  863  253
  864  253
  204  252
 1194  252
  534  251
  535  251
  864  251
  865  251
  205  250
 1195  250
  535  249
  536  249
  865  249
  866  249
  206  248
 1196  248
  536  247
  537  247
  866  247
  867  247
  207  246
 1197  246
  537  245
  538  245
  867  245
  868  245
  208  244
 1198  244
  538  243
  539  243
  868  243
  869  243
  209  242
 1199  242
  539  241
  540  241
  869  241
  870  241
  210  240
 1200  240
  540  239
  541  239
  870  239
  871  239
  211  238
 1201  238
  541  237
  542  237
  871  237
  872  237
  212  236
 1202  236
  542  235
  543  235
  872  235
  873  235
  213  234
 1203  234
  543  233
  544  233
  873  233
  874  233
  214  232
 1204  232
  544  231
  545  231
  874  231
  875  231
  215  230
 1205  230
  545  229
  546  229
  875  229
  876  229
  216  228
 1206  228
  546  227
  547  227
  876  227
  877  227
  217  226
 1207  226
  547  225
  548  225
  877  225
  878  225
  218  224
 1208  224
  548  223
  549  223
  878  223
  879  223
  219  222
 1209  222
  549  221
  550  221
  879  221
  880  221
  220  220
 1210  220
  550  219
  551  219
  880  219
  881  219
  221  218
 1211  218
  551  217
  552  217
  881  217
  882  217
  222  216
 1212  216
  552  215
  553  215
  882  215
  883  215
  223  214
 1213  214
  553  213
  554  213
  883  213
  884  213
  224  212
 1214  212
  554  211
  555  211
  884  211
  885  211
  225  210
 1215  210
  555  209
  556  209
  885  209
  886  209
  226  208
 1216  208
  556  207
  557  207
  886  207
  887  207
  227  206
 1217  206
  557  205
  558  205
  887  205
  888  205
  228  204
 1218  204
  558  203
  559  203
  888  203
  889  203
  229  202
 1219  202
  559  201
  560  201
  889  201
  890  201
  230  200
 1220  200
  560  199
  561  199
  890  199
  891  199
  231  198
 1221  198
  561  197
  562  197
  891  197
  892  197
  232  196
 1222  196
  562  195
  563  195
  892  195
  893  195
  233  194
 1223  194
  563  193
  564  193
  893  193
  894  193
  234  192
 1224  192
  564  191
  565  191
  894  191
  895  191
  235  190
 1225  190
  565  189
  566  189
  895  189
  896  189
  236  188
 1226  188
  566  187
  567  187
  896  187
  897  187
  237  186
 1227  186
  567  185
  568  185
  897  185
  898  185
  238  184
 1228  184
  568  183
  569  183
  898  183
  899  183
  239  182
 1229  182
  569  181
  570  181
  899  181
  900  181
  240  180
 1230  180
  570  179
  571  179
  900  179
  901  179
  241  178
 1231  178
  571  177
  572  177
  901  177
  902  177
  242  176
 1232  176
  572  175
  573  175
  902  175
  903  175
  243  174
 1233  174
  573  173
  574  173
  903  173
  904  173
  244  172
 1234  172
  574  171
  575  171
  904  171
  905  171
  245  170
 1235  170
  575  169
  576  169
  905  169
  906  169
  246  168
 1236  168
  576  167
  577  167
  906  167
  907  167
  247  166
 1237  166
  577  165
  578  165
  907  165
  908  165
  248  164
 1238  164
  578  163
  579  163
  908  163
  909  163
  249  162
 1239  162
  579  161
  580  161
  909  161
  910  161
  250  160
 1240  160
  580  159
  581  159
  910  159
  911  159
  251  158
 1241  158
  581  157
  582  157
  911  157
  912  157
  252  156
 1242  156
  582  155
  583  155
  912  155
  913  155
  253  154
 1243  154
  583  153
  584  153
  913  153
  914  153
  254  152
 1244  152
  584  151
  585  151
  914  151
  915  151
  255  150
 1245  150
  585  149
  586  149
  915  149
  916  149
  256  148
 1246  148
  586  147
  587  147
  916  147
  917  147
  257  146
 1247  146
  587  145
  588  145
  917  145
  918  145
  258  144
 1248  144
  588  143
  589  143
  918  143
  919  143
  259  142
 1249  142
  589  141
  590  141
  919  141
  920  141
  260  140
 1250  140
  590  139
  591  139
  920  139
  921  139
  261  138
 1251  138
  591  137
  592  137
  921  137
  922  137
  262  136
 1252  136
  592  135
  593  135
  922  135
  923  135
  263  134
 1253  134
  593  133
  594  133
  923  133
  924  133
  264  132
 1254  132
  594  131
  595  131
  924  131
  925  131
  265  130
 1255  130
  595  129
  596  129
  925  129
  926  129
  266  128
 1256  128
  596  127
  597  127
  926  127
  927  127
  267  126
 1257  126
  597  125
  598  125
  927  125
  928  125
  268  124
 1258  124
  598  123
  599  123
  928  123
  929  123
  269  122
 1259  122
  599  121
  600  121
  929  121
  930  121
  270  120
 1260  120
  600  119
  601  119
  930  119
  931  119
  271  118
 1261  118
  601  117
  602  117
  931  117
  932  117
  272  116
 1262  116
  602  115
  603  115
  932  115
  933  115
  273  114
 1263  114
  603  113
  604  113
  933  113
  934  113
  274  112
 1264  112
  604  111
  605  111
  934  111
  935  111
  275  110
 1265  110
  605  109
  606  109
  935  109
  936  109
  276  108
 1266  108
  606  107
  607  107
  936  107
  937  107
  277  106
 1267  106
  607  105
  608  105
  937  105
  938  105
  278  104
 1268  104
  608  103
  609  103
  938  103
  939  103
  279  102
 1269  102
  609  101
  610  101
  939  101
  940  101
  280  100
 1270  100
  610   99
  611   99
  940   99
  941   99
  281   98
 1271   98
  611   97
  612   97
  941   97
  942   97
  282   96
 1272   96
  612   95
  613   95
  942   95
  943   95
  283   94
 1273   94
  613   93
  614   93
  943   93
  944   93
  284   92
 1274   92
  614   91
  615   91
  944   91
  945   91
  285   90
 1275   90
  615   89
  616   89
  945   89
  946   89
  286   88
 1276   88
  616   87
  617   87
  946   87
  947   87
  287   86
 1277   86
  617   85
  618   85
  947   85
  948   85
  288   84
 1278   84
  618   83
  619   83
  948   83
  949   83
  289   82
 1279   82
  619   81
  620   81
  949   81
  950   81
  290   80
 1280   80
  620   79
  621   79
  950   79
  951   79
  291   78
 1281   78
  621   77
  622   77
  951   77
  952   77
  292   76
 1282   76
  622   75
  623   75
  952   75
  953   75
  293   74
 1283   74
  623   73
  624   73
  953   73
  954   73
  294   72
 1284   72
  624   71
  625   71
  954   71
  955   71
  295   70
 1285   70
  625   69
  626   69
  955   69
  956   69
  296   68
 1286   68
  626   67
  627   67
  956   67
  957   67
  297   66
 1287   66
  627   65
  628   65
  957   65
  958   65
  298   64
 1288   64
  628   63
  629   63
  958   63
  959   63
  299   62
 1289   62
  629   61
  630   61
  959   61
  960   61
  300   60
 1290   60
  630   59
  631   59
  960   59
  961   59
  301   58
 1291   58
  631   57
  632   57
  961   57
  962   57
  302   56
 1292   56
  632   55
  633   55
  962   55
  963   55
  303   54
 1293   54
  633   53
  634   53
  963   53
  964   53
  304   52
 1294   52
  634   51
  635   51
  964   51
  965   51
  305   50
 1295   50
  635   49
  636   49
  965   49
  966   49
  306   48
 1296   48
  636   47
  637   47
  966   47
  967   47
  307   46
 1297   46
  637   45
  638   45
  967   45
  968   45
  308   44
 1298   44
  638   43
  639   43
  968   43
  969   43
  309   42
 1299   42
  639   41
  640   41
  969   41
  970   41
  310   40
 1300   40
  640   39
  641   39
  970   39
  971   39
  311   38
 1301   38
  641   37
  642   37
  971   37
  972   37
  312   36
 1302   36
  642   35
  643   35
  972   35
  973   35
  313   34
 1303   34
  643   33
  644   33
  973   33
  974   33
  314   32
 1304   32
  644   31
  645   31
  974   31
  975   31
  315   30
 1305   30
  645   29
  646   29
  975   29
  976   29
  316   28
 1306   28
  646   27
  647   27
  976   27
  977   27
  317   26
 1307   26
  647   25
  648   25
  977   25
  978   25
  318   24
 1308   24
  648   23
  649   23
  978   23
  979   23
  319   22
 1309   22
  649   21
  650   21
  979   21
  980   21
  320   20
 1310   20
  650   19
  651   19
  980   19
  981   19
  321   18
 1311   18
  651   17
  652   17
  981   17
  982   17
  322   16
 1312   16
  652   15
  653   15
  982   15
  983   15
  323   14
 1313   14
  653   13
  654   13
  983   13
  984   13
  324   12
 1314   12
  654   11
  655   11
  984   11
  985   11
  325   10
 1315   10
  655    9
  656    9
  985    9
  986    9
  326    8
 1316    8
  656    7
  657    7
  986    7
  987    7
  327    6
 1317    6
  657    5
  658    5
  987    5
  988    5
  328    4
 1318    4
  658    3
  659    3
  988    3
  989    3
  329    2
 1319    2
  659    1
  660    1
  989    1
  990    1
  330    0
 1320    0
