    1  329
    2  328
    3  327
    4  326
    5  325
    6  324
    7  323
    8  322
    9  321
   10  320
   11  319
   12  318
   13  317
   14  316
   15  315
   16  314
   17  313
   18  312
   19  311
   20  310
   21  309
   22  308
   23  307
   24  306
   25  305
   26  304
   27  303
   28  302
   29  301
   30  300
   31  299
   32  298
   33  297
   34  296
   35  295
   36  294
   37  293
   38  292
   39  291
   40  290
   41  289
   42  288
   43  287
   44  286
   45  285
   46  284
   47  283
   48  282
   49  281
   50  280
   51  279
   52  278
   53  277
   54  276
   55  275
   56  274
   57  273
   58  272
   59  271
   60  270
   61  269
   62  268
   63  267
   64  266
   65  265
   66  264
   67  263
   68  262
   69  261
   70  260
   71  259
   72  258
   73  257
   74  256
   75  255
   76  254
   77  253
   78  252
   79  251
   80  250
   81  249
   82  248
   83  247
   84  246
   85  245
   86  244
   87  243
   88  242
   89  241
   90  240
   91  239
   92  238
   93  237
   94  236
   95  235
   96  234
   97  233
   98  232
   99  231
  100  230
  101  229
  102  228
  103  227
  104  226
  105  225
  106  224
  107  223
  108  222
  109  221
  110  220
  111  219
  112  218
  113  217
  114  216
  115  215
  116  214
  117  213
  118  212
  119  211
  120  210
  121  209
  122  208
  123  207
  124  206
  125  205
  126  204
  127  203
  128  202
  129  201
  130  200
  131  199
  132  198
  133  197
  134  196
  135  195
  136  194
  137  193
  138  192
  139  191
  140  190
  141  189
  142  188
  143  187
  144  186
  145  185
  146  184
  147  183
  148  182
  149  181
  150  180
  151  179
  152  178
  153  177
  154  176
  155  175
  156  174
  157  173
  158  172
  159  171
  160  170
  161  169
  162  168
  163  167
  164  166
  165  165
  166  164
  167  163
  168  162
  169  161
  170  160
  171  159
  172  158
  173  157
  174  156
  175  155
  176  154
  177  153
  178  152
  179  151
  180  150
  181  149
  182  148
  183  147
  184  146
  185  145
  186  144
  187  143
  188  142
  189  141
  190  140
  191  139
  192  138
  193  137
  194  136
  195  135
  196  134
  197  133
  198  132
  199  131
  200  130
  201  129
  202  128
  203  127
  204  126
  205  125
  206  124
  207  123
  208  122
  209  121
  210  120
  211  119
  212  118
  213  117
  214  116
  215  115
  216  114
  217  113
  218  112
  219  111
  220  110
  221  109
  222  108
  223  107
  224  106
  225  105
  226  104
  227  103
  228  102
  229  101
  230  100
  231   99
  232   98
  233   97
  234   96
  235   95
  236   94
  237   93
  238   92
  239   91
  240   90
  241   89
  242   88
  243   87
  244   86
  245   85
  246   84
  247   83
  248   82
  249   81
  250   80
  251   79
  252   78
  253   77
  254   76
  255   75
  256   74
  257   73
  258   72
  259   71
  260   70
  261   69
  262   68
  263   67
  264   66
  265   65
  266   64
  267   63
  268   62
  269   61
  270   60
  271   59
  272   58
  273   57
  274   56
  275   55
  276   54
  277   53
  278   52
  279   51
  280   50
  281   49
  282   48
  283   47
  284   46
  285   45
  286   44
  287   43
  288   42
  289   41
  290   40
  291   39
  292   38
  293   37
  294   36
  295   35
  296   34
  297   33
  298   32
  299   31
  300   30
  301   29
  302   28
  303   27
  304   26
  305   25
  306   24
  307   23
  308   22
  309   21
  310   20
  311   19
  312   18
  313   17
  314   16
  315   15
  316   14
  317   13
  318   12
  319   11
  320   10
  321    9
  322    8
  323    7
  324    6
  325    5
  326    4
  327    3
  328    2
  329    1
  330    0
